1.790000	
2.158844	
2.527664	
2.896485	
3.850635	
4.992245	
5.549478	
6.109773	
6.667211	
7.224649	
7.820227	
8.368503	
8.962857	
9.499252	
10.035646	
10.574172	
11.111383	
11.648571	
12.144082	
12.679410	
13.214739	
13.717710	
14.249932	
14.782177	
15.240045	
15.772630	
16.305193	
16.889683	
17.465283	
18.030476	
18.598844	
19.167211	
19.680839	
20.253560	
21.023628	
21.596803	
22.169977	
22.822834	
23.410658	
23.922245	
24.477347	
25.032449	
25.628413	
26.187642	
26.785374	
27.348707	
27.912018	
28.409093	
28.700590	
28.992109	
29.283605	
29.575102	
