1.742630	
2.068141	
2.393651	
2.719161	
3.750159	
4.887755	
5.630703	
6.385283	
7.128503	
8.255578	
9.009161	
9.752880	
10.506667	
11.250136	
12.004989	
12.748254	
13.505193	
14.248776	
15.010884	
15.754830	
16.509615	
17.253832	
18.006780	
18.750113	
19.506190	
20.249410	
21.004762	
21.747551	
22.509161	
23.252721	
24.004014	
24.748776	
25.509637	
26.254875	
27.006599	
27.750658	
28.507075	
29.250227	
30.011497	
30.755420	
31.510839	
32.254218	
33.007324	
33.749546	
34.504467	
35.246553	
36.005624	
36.748390	
37.510567	
38.254263	
39.009546	
39.753129	
40.508390	
41.252381	
42.006100	
42.749887	
43.505465	
44.248844	
45.009002	
45.752245	
46.507710	
47.251293	
48.007732	
48.751247	
49.505692	
50.248844	
51.005669	
51.748571	
52.507392	
53.250862	
54.009569	
54.752971	
55.132880	
55.502971	
55.873061	
56.243152	
56.629320	
56.997392	
57.365488	
57.733560	
58.120159	
58.488390	
58.856621	
59.224853	
59.622676	
59.991247	
60.359796	
60.728367	
61.113855	
61.481995	
61.850136	
62.218254	
62.624785	
62.992426	
63.360068	
63.727710	
64.118549	
64.486712	
64.854898	
65.223061	
65.626644	
65.995125	
66.363583	
66.732063	
67.126644	
67.495329	
67.864014	
68.232698	
68.632018	
69.000454	
69.368889	
69.737324	
70.121905	
70.489569	
70.857234	
71.224898	
71.625306	
71.993628	
72.361927	
72.730249	
73.116417	
73.484875	
73.853333	
74.221791	
75.003039	
75.559955	
76.127506	
76.683311	
77.239138	
77.809683	
78.366576	
78.756531	
79.126372	
79.496213	
79.866032	
80.235873	
80.482562	
80.850476	
81.218367	
81.586281	
81.926485	
82.294240	
82.661973	
83.029728	
83.489751	
83.857778	
84.225805	
84.593832	
85.124467	
85.492834	
85.861179	
86.234603	
86.601973	
86.969342	
87.336712	
87.756122	
88.123719	
88.491293	
88.858889	
89.257574	
89.626667	
89.995737	
90.364830	
90.744853	
91.112313	
91.479751	
91.847211	
92.248481	
92.616077	
92.983696	
93.351293	
93.749320	
94.117302	
94.485261	
94.853243	
95.247324	
95.615442	
95.983560	
96.351678	
96.758639	
97.315556	
97.872472	
98.437347	
98.994036	
99.550726	
99.946236	
100.503651	
101.252041	
101.622245	
101.992472	
102.362676	
102.735351	
103.102789	
103.470249	
103.837687	
104.229977	
104.598571	
104.967188	
105.335782	
106.498730	
107.253832	
107.998254	
108.758526	
109.502313	
110.250590	
110.994376	
111.754739	
112.498367	
113.254739	
113.998707	
114.759116	
115.503288	
116.238095	
116.983039	
117.764603	
118.508776	
119.263764	
120.009977	
120.754512	
121.494331	
121.880454	
122.249524	
122.618594	
122.987664	
123.374308	
123.742766	
124.111224	
124.479683	
124.868209	
125.236689	
125.605170	
125.973651	
126.371791	
126.740363	
127.108957	
127.477528	
127.864422	
128.233243	
128.602063	
128.970884	
129.381156	
129.751043	
130.120930	
130.490794	
130.871973	
131.239660	
131.607347	
131.975034	
132.369433	
132.737347	
133.105261	
133.473175	
133.859887	
134.228050	
134.596213	
134.964376	
135.374989	
135.743515	
136.112018	
136.480544	
136.865420	
137.233741	
137.602086	
137.970431	
138.366757	
138.734671	
139.102562	
139.470454	
139.858141	
140.225782	
140.593401	
140.961043	
141.373900	
141.741905	
142.109887	
142.477868	
142.878957	
143.246961	
143.614966	
143.982971	
144.376689	
144.743741	
145.110771	
145.477800	
145.860249	
146.226871	
146.593492	
146.960113	
147.371202	
147.739184	
148.107166	
148.475147	
148.861315	
149.229637	
149.597959	
149.966281	
150.383492	
150.753016	
151.122517	
151.492041	
151.870635	
152.239388	
152.608118	
152.976871	
153.371655	
153.739977	
154.108299	
154.476621	
154.876803	
155.245556	
155.614331	
155.983084	
156.374331	
156.742653	
157.110975	
157.479297	
157.860408	
158.228458	
158.596508	
158.964558	
159.755873	
160.505125	
161.248503	
162.005533	
162.748844	
163.504762	
164.248277	
165.009478	
165.753288	
166.506644	
167.249683	
168.007188	
168.750454	
169.876667	
170.432993	
170.977551	
171.532449	
172.087370	
172.689977	
173.241451	
173.792902	
174.251973	
174.745011	
175.238050	
175.869433	
176.426372	
177.005442	
177.747823	
178.505102	
179.248730	
180.010159	
180.753946	
181.510272	
182.254127	
183.007392	
183.750454	
184.505193	
185.248209	
186.004218	
186.747347	
187.508549	
188.252268	
189.009819	
189.753651	
190.507982	
191.251655	
192.005488	
192.748571	
193.493651	
194.236939	
194.980227	
195.723764	
196.446100	
197.128027	
197.955261	
198.688685	
199.393197	
200.129932	
200.641655	
201.376757	
202.236757	
202.992426	
203.995850	
204.742358	
205.509297	
206.253696	
207.005442	
207.749093	
208.504082	
209.247052	
210.003220	
210.746984	
211.502744	
212.245918	
213.005737	
213.748934	
214.507256	
215.251655	
216.004739	
216.748209	
217.490522	
218.232993	
218.975215	
