1.505669	
1.838526	
2.171383	
2.504218	
2.837075	
3.158299	
3.486168	
3.814014	
4.141882	
5.157007	
5.818413	
6.497710	
7.158639	
7.829796	
8.490590	
9.162971	
9.822925	
10.494739	
11.155057	
11.815351	
12.493968	
13.154286	
13.829206	
14.489297	
15.160658	
15.820113	
16.494240	
17.153628	
17.813039	
18.294875	
18.954739	
19.666190	
20.326304	
21.010454	
21.670499	
22.467868	
23.127415	
23.824218	
24.483764	
25.143311	
25.828481	
26.488322	
27.162902	
27.823016	
28.498254	
29.158639	
29.820204	
30.479410	
31.138617	
31.821678	
32.478662	
33.165896	
33.824830	
34.498435	
35.158821	
35.833583	
36.495057	
37.161791	
37.822245	
38.482676	
39.161973	
39.822494	
40.484399	
41.143265	
41.826848	
42.485692	
43.162993	
43.823061	
44.483129	
45.159478	
45.820023	
46.495918	
47.156984	
47.831043	
48.491610	
49.167483	
49.828526	
50.489592	
51.163356	
51.823288	
52.506508	
53.166780	
53.843673	
54.504535	
55.165102	
55.823243	
56.499932	
57.159456	
57.818980	
58.176168	
58.673016	
59.169887	
59.681429	
60.176190	
60.670930	
61.169116	
61.663129	
62.157166	
62.803356	
63.291633	
63.779932	
64.224127	
64.712245	
65.200340	
65.662812	
66.149478	
66.636122	
67.322336	
67.812200	
68.302063	
68.703401	
69.154422	
69.605442	
70.075397	
70.523900	
70.972381	
71.393696	
71.836213	
72.278730	
72.721247	
73.038526	
73.478027	
73.917528	
74.394195	
74.834150	
75.274104	
75.714036	
76.061859	
76.501837	
76.941814	
77.292177	
77.732041	
78.171905	
78.611769	
79.112608	
79.552449	
79.992313	
80.834943	
81.495057	
82.168390	
82.828027	
83.501519	
84.162336	
84.833832	
85.494966	
86.156122	
86.829592	
87.489932	
88.169320	
88.830159	
89.496463	
90.155556	
90.823084	
91.482109	
92.172948	
92.832834	
93.492721	
94.180068	
94.840363	
95.504785	
96.164195	
96.835714	
97.492676	
98.157551	
98.813379	
99.469206	
100.133469	
100.789977	
101.439433	
102.097143	
103.003741	
103.660408	
104.168186	
104.827029	
105.485873	
106.147574	
106.806916	
107.469569	
108.128390	
108.834376	
109.493515	
110.505941	
111.167574	
111.830567	
112.491655	
113.162358	
113.823220	
114.508889	
115.170113	
115.831361	
116.505079	
117.165601	
117.834014	
118.490930	
119.343560	
119.836054	
120.328571	
120.921497	
121.413810	
122.336599	
122.827596	
123.318594	
123.667642	
124.157483	
124.647324	
125.280295	
125.769320	
126.258367	
126.636780	
127.124875	
127.612971	
128.172834	
128.663084	
129.153333	
129.660635	
130.150113	
130.639592	
130.948005	
131.437664	
131.927347	
132.835057	
133.494966	
134.164240	
134.823129	
135.494853	
136.152517	
136.835057	
137.494263	
138.153469	
138.833311	
139.494104	
140.167075	
140.827143	
141.501791	
142.161043	
142.823515	
143.481610	
144.165578	
144.822834	
145.480113	
146.336009	
146.990998	
147.509637	
148.165896	
149.219977	
149.871519	
150.496236	
151.146463	
152.200794	
152.850839	
153.697755	
154.347392	
155.009887	
155.497120	
155.984376	
156.543741	
