1.667302	
2.075351	
2.483401	
2.891474	
3.319819	
3.726939	
4.134082	
4.560159	
4.967166	
5.374195	
5.781224	
6.210408	
6.616984	
7.023583	
7.445283	
7.851315	
8.257324	
8.663333	
9.095397	
9.501723	
9.908050	
10.314399	
10.747732	
11.153855	
11.559977	
11.986281	
12.392766	
12.799252	
13.205737	
13.633333	
14.039274	
14.445193	
14.855828	
15.260204	
15.664580	
16.068934	
16.498707	
16.903084	
17.307483	
17.711859	
18.150907	
18.555442	
18.959955	
19.398776	
19.805578	
20.212381	
20.619184	
21.049501	
21.455760	
21.862041	
22.268299	
22.674354	
23.080771	
23.487188	
23.935896	
24.342132	
24.748345	
25.154558	
25.596168	
26.002789	
26.409433	
