0.000000	0.000000
0.005805	955.389038
0.011610	935.550293
0.017415	222.319794
0.023220	222.788834
0.029025	223.971100
0.034830	118.825546
0.040635	222.311401
0.046440	221.434525
0.052245	221.170959
0.058050	221.262009
0.063855	221.330231
0.069660	221.203140
0.075465	220.823975
0.081270	220.385574
0.087075	220.192276
0.092880	220.171692
0.098685	220.021790
0.104490	219.742172
0.110295	219.674606
0.116100	219.816177
0.121905	219.990417
0.127710	220.082214
0.133515	220.072952
0.139320	220.046234
0.145125	220.081024
0.150930	220.211700
0.156735	220.384354
0.162540	220.489639
0.168345	220.517166
0.174150	220.593811
0.179955	220.751862
0.185760	220.854034
0.191565	220.788498
0.197370	220.830917
0.203175	221.224625
0.208980	221.555191
0.214785	222.009918
0.220590	331.004822
0.226395	165.969940
0.232200	166.004578
0.238005	166.067352
0.243810	166.164291
0.249615	332.292969
0.255420	332.188873
0.261224	331.862183
0.267029	331.698700
0.272834	331.762360
0.278639	331.771820
0.284444	331.601501
0.290249	331.529419
0.296054	331.752777
0.301859	332.053955
0.307664	332.154938
0.313469	331.981567
0.319274	331.654388
0.325079	331.295471
0.330884	331.029205
0.336689	330.837402
0.342494	330.675323
0.348299	330.554108
0.354104	330.455688
0.359909	330.361847
0.365714	330.415710
0.371519	330.618896
0.377324	330.642029
0.383129	330.550293
0.388934	330.616608
0.394739	330.757202
0.400544	330.835907
0.406349	330.819977
0.412154	330.763062
0.417959	331.411530
0.423764	221.979492
0.429569	221.800613
0.435374	221.708847
0.441179	221.751419
0.446984	221.773361
0.452789	443.186157
0.458594	442.884644
0.464399	442.701263
0.470204	442.656647
0.476009	442.610535
0.481814	442.625244
0.487619	442.874634
0.493424	443.082642
0.499229	442.851288
0.505034	442.346710
0.510839	441.881409
0.516644	441.543091
0.522449	441.304596
0.528254	441.120422
0.534059	441.046173
0.539864	441.170563
0.545669	441.365723
0.551474	441.372467
0.557279	441.309204
0.563084	441.323425
0.568889	441.326965
0.574694	441.326019
0.580499	441.469269
0.586304	441.785400
0.592109	442.082336
0.597914	442.143036
0.603719	442.090149
0.609524	442.014160
0.615329	441.932373
0.621134	441.946716
0.626939	442.934174
0.632744	488.966431
0.638549	248.605545
0.644354	248.854614
0.650159	248.907532
0.655964	497.517273
0.661769	497.190582
0.667574	496.923401
0.673379	496.806610
0.679184	496.791565
0.684989	496.897522
0.690794	497.159363
0.696599	497.177032
0.702404	496.704254
0.708209	496.114044
0.714014	495.648071
0.719819	495.277924
0.725624	494.954956
0.731429	494.769196
0.737234	494.833832
0.743039	495.035461
0.748844	495.200775
0.754649	495.327881
0.760454	495.326355
0.766259	495.313141
0.772063	495.549255
0.777868	495.908630
0.783673	496.142822
0.789478	496.181030
0.795283	496.046906
0.801088	495.820709
0.806893	495.738953
0.812698	496.053406
0.818503	496.446899
0.824308	496.519989
0.830113	496.415222
0.835918	165.634750
0.841723	166.386566
0.847528	166.506119
0.853333	166.789078
0.859138	167.396790
0.864943	262.563202
0.870748	259.952209
0.876553	259.032227
0.882358	167.048157
0.888163	166.531036
0.893968	166.072906
0.899773	166.406067
0.905578	168.229828
0.911383	263.145386
0.917188	173.194550
0.922993	172.780563
0.928798	172.538071
0.934603	172.632675
0.940408	172.822876
0.946213	172.902802
0.952018	172.958801
0.957823	173.095230
0.963628	173.140839
0.969433	172.733810
0.975238	172.285370
0.981043	172.458344
0.986848	172.778275
0.992653	172.896393
0.998458	173.061493
1.004263	173.257370
1.010068	173.345108
1.015873	173.430328
1.021678	173.579300
1.027483	173.605972
1.033288	173.525757
1.039093	173.478775
1.044898	173.381500
1.050703	173.140381
1.056508	173.076859
1.062313	173.274506
1.068118	173.436478
1.073923	173.445618
1.079728	173.424103
1.085533	173.437622
1.091338	173.366272
1.097143	173.148315
1.102948	172.861206
1.108753	172.420547
1.114558	171.440109
1.120363	169.710007
1.126168	168.290359
1.131973	168.142212
1.137778	168.856750
1.143583	169.685013
1.149388	170.284576
1.155193	170.739563
1.160998	171.075073
1.166803	171.171936
1.172608	171.045319
1.178413	170.844452
1.184218	170.596191
1.190023	170.208817
1.195828	169.756989
1.201633	169.298569
1.207438	168.771713
1.213243	168.190170
1.219048	167.763367
1.224853	167.486145
1.230658	167.011551
1.236463	166.242981
1.242268	165.623520
1.248073	440.337646
1.253878	221.694183
1.259683	221.267258
1.265488	221.053238
1.271293	220.885681
1.277098	220.665558
1.282902	220.424210
1.288707	220.278091
1.294512	220.354294
1.300317	220.473114
1.306122	220.437424
1.311927	220.237854
1.317732	219.877792
1.323537	219.521423
1.329342	219.370743
1.335147	219.414719
1.340952	219.551926
1.346757	219.759369
1.352562	219.927612
1.358367	219.935699
1.364172	219.854507
1.369977	219.796646
1.375782	219.724609
1.381587	219.673569
1.387392	219.785614
1.393197	220.029709
1.399002	220.288910
1.404807	220.531509
1.410612	220.757904
1.416417	220.901047
1.422222	220.846603
1.428027	220.673630
1.433832	220.499222
1.439637	220.355835
1.445442	220.235474
1.451247	220.137039
1.457052	220.082001
1.462857	220.141144
1.468662	220.419861
1.474467	220.867294
1.480272	221.208527
1.486077	221.160690
1.491882	220.920380
1.497687	220.725906
1.503492	220.646423
1.509297	220.672119
1.515102	220.698120
1.520907	220.627258
1.526712	220.505219
1.532517	220.451797
1.538322	220.415054
1.544127	220.303680
1.549932	220.029205
1.555737	219.657028
1.561542	219.441635
1.567347	219.444778
1.573152	219.380478
1.578957	219.134064
1.584762	219.039108
1.590567	219.358612
1.596372	219.959534
1.602177	220.314316
1.607982	220.172592
1.613787	219.874054
1.619592	219.841568
1.625397	220.185654
1.631202	220.479614
1.637007	220.363342
1.642812	220.058075
1.648617	219.764389
1.654422	219.666367
1.660227	219.783173
1.666032	889.879456
1.671837	441.938354
1.677642	441.137573
1.683447	291.943329
1.689252	290.701691
1.695057	174.393448
1.700862	173.925568
1.706667	174.645996
1.712472	175.141357
1.718277	175.171890
1.724082	440.554993
1.729887	175.251022
1.735692	175.437668
1.741497	175.416870
1.747302	175.027267
1.753107	174.518341
1.758912	174.296661
1.764717	174.294968
1.770522	174.347519
1.776327	174.494583
1.782132	524.032104
1.787937	524.628174
1.793741	525.147156
1.799546	526.132507
1.805351	528.009033
1.811156	529.744690
1.816961	529.661438
1.822766	528.130615
1.828571	526.595398
1.834376	525.361694
1.840181	524.287598
1.845986	523.603333
1.851791	523.465942
1.857596	523.883728
1.863401	524.847290
1.869206	525.776794
1.875011	526.084900
1.880816	525.605835
1.886621	524.827759
1.892426	261.820679
1.898231	261.527100
1.904036	524.043945
1.909841	524.249939
1.915646	524.315308
1.921451	524.458374
1.927256	524.928833
1.933061	525.853516
1.938866	527.866577
1.944671	532.574829
1.950476	106.217712
1.956281	106.755539
1.962086	131.547501
1.967891	131.318954
1.973696	131.203949
1.979501	174.162979
1.985306	174.150146
1.991111	261.314667
1.996916	261.342285
2.002721	261.231232
2.008526	261.222351
2.014331	261.367615
2.020136	261.460876
2.025941	174.408615
2.031746	174.394836
2.037551	174.165024
2.043356	173.695160
2.049161	258.737122
2.054966	257.766052
2.060771	74.174034
2.066576	74.090164
2.072381	73.444687
2.078186	222.064682
2.083991	221.802094
2.089796	221.700226
2.095601	221.740509
2.101406	221.776657
2.107211	443.183807
2.113016	442.904785
2.118821	442.726440
2.124626	442.683014
2.130431	442.631287
2.136236	442.609192
2.142041	442.822174
2.147846	443.063782
2.153651	442.894012
2.159456	442.408447
2.165261	441.937958
2.171066	441.589691
2.176871	441.345215
2.182676	441.148346
2.188481	441.047546
2.194286	441.151794
2.200091	441.356323
2.205896	441.384583
2.211701	441.310608
2.217506	441.320007
2.223311	441.323517
2.229116	441.320160
2.234921	441.446686
2.240726	441.753204
2.246531	442.064758
2.252336	442.144806
2.258141	442.094757
2.263946	442.035980
2.269751	441.964996
2.275556	441.947327
2.281361	442.084167
2.287166	442.192474
2.292971	442.170227
2.298776	442.163910
2.304580	442.216034
2.310385	442.253662
2.316190	442.337494
2.321995	442.462433
2.327800	442.453491
2.333605	442.413361
2.339410	442.430054
2.345215	442.424866
2.351020	442.412628
2.356825	442.540192
2.362630	442.711395
2.368435	442.579254
2.374240	441.868530
2.380045	440.639404
2.385850	439.414093
2.391655	438.993317
2.397460	439.720856
2.403265	440.774231
2.409070	441.376251
2.414875	441.483368
2.420680	441.496735
2.426485	441.664276
2.432290	442.012573
2.438095	442.419373
2.443900	442.610138
2.449705	442.532288
2.455510	442.346619
2.461315	442.041229
2.467120	441.499908
2.472925	440.935638
2.478730	440.623505
2.484535	427.023804
2.490340	329.965027
2.496145	182.092255
2.501950	180.087845
2.507755	165.638702
2.513560	330.914490
2.519365	330.274567
2.525170	329.931793
2.530975	329.680542
2.536780	329.591217
2.542585	329.857239
2.548390	330.225494
2.554195	330.190277
2.560000	329.652679
2.565805	329.139526
2.571610	329.060760
2.577415	329.271729
2.583220	329.588074
2.589025	329.944336
2.594830	330.185150
2.600635	330.210632
2.606440	330.140228
2.612245	330.050690
2.618050	329.865326
2.623855	329.709991
2.629660	329.783661
2.635465	330.030792
2.641270	330.373566
2.647075	330.755554
2.652880	331.003326
2.658685	331.047028
2.664490	330.989288
2.670295	331.018585
2.676100	331.043213
2.681905	330.890320
2.687710	330.583588
2.693515	330.409027
2.699320	330.513428
2.705125	330.861755
2.710930	331.212067
2.716735	331.380310
2.722540	331.456299
2.728345	331.377655
2.734150	331.121185
2.739955	330.840271
2.745760	330.699310
2.751565	330.706268
2.757370	330.771393
2.763175	330.799469
2.768980	330.800537
2.774785	330.852692
2.780590	330.917755
2.786395	330.852356
2.792200	330.532684
2.798005	330.147034
2.803810	330.073700
2.809615	330.395233
2.815420	330.796570
2.821224	330.983948
2.827029	331.016235
2.832834	331.094391
2.838639	331.443542
2.844444	331.836090
2.850249	331.953033
2.856054	331.961945
2.861859	332.131989
2.867664	332.318634
2.873469	332.141418
2.879274	331.624542
2.885079	330.843536
2.890884	329.929535
2.896689	329.334473
2.902494	301.405640
2.908299	247.423431
2.914104	248.028336
2.919909	221.968597
2.925714	221.859772
2.931519	166.166534
2.937324	437.833038
2.943129	497.797241
2.948934	495.950104
2.954739	491.986938
2.960544	483.751587
2.966349	469.592194
2.972154	471.186523
2.977959	474.185547
2.983764	475.075531
2.989569	472.985016
2.995374	466.591827
3.001179	459.471008
3.006984	456.495239
3.012789	456.096069
3.018594	457.808563
3.024399	460.637695
3.030204	462.103119
3.036009	462.181488
3.041814	462.311371
3.047619	462.671753
3.053424	462.994843
3.059229	463.632141
3.065034	463.865021
3.070839	463.490021
3.076644	463.376831
3.082449	463.799805
3.088254	464.288269
3.094059	464.173248
3.099864	462.906372
3.105669	461.050201
3.111474	450.505981
3.117279	222.260895
3.123084	221.774796
3.128889	221.726776
3.134694	221.801834
3.140499	443.426025
3.146304	147.526840
3.152109	221.496094
3.157914	221.358261
3.163719	221.246796
3.169524	221.192108
3.175329	221.292664
3.181134	221.450928
3.186939	221.438599
3.192744	221.246216
3.198549	221.016983
3.204354	220.833710
3.210159	220.708878
3.215964	220.621033
3.221769	220.577866
3.227574	220.636673
3.233379	220.750244
3.239184	220.741348
3.244989	220.643753
3.250794	220.604340
3.256599	220.578995
3.262404	220.537048
3.268209	220.539780
3.274014	220.623383
3.279819	220.748535
3.285624	220.865845
3.291429	220.953720
3.297234	220.945435
3.303039	220.863434
3.308844	220.846771
3.314649	221.187943
3.320454	231.102478
3.326259	249.460114
3.332063	250.252670
3.337868	250.833862
3.343673	389.194855
3.349478	388.280029
3.355283	249.358765
3.361088	249.026398
3.366893	250.604446
3.372698	258.331177
3.378503	258.879395
3.384308	258.778625
3.390113	258.900116
3.395918	259.162933
3.401723	259.289124
3.407528	259.176147
3.413333	258.811737
3.419138	258.571228
3.424943	258.901337
3.430748	259.415405
3.436553	259.933014
3.442358	260.385529
3.448163	260.570343
3.453968	98.472130
3.459773	98.592697
3.465578	98.717316
3.471383	98.721542
3.477188	98.581238
3.482993	98.394875
3.488798	98.273926
3.494603	98.247566
3.500408	98.340340
3.506213	98.527695
3.512018	98.721741
3.517823	98.812370
3.523628	98.768051
3.529433	98.671463
3.535238	98.630882
3.541043	98.640129
3.546848	98.642815
3.552653	98.636398
3.558458	98.642021
3.564263	98.643753
3.570068	98.569389
3.575873	98.422546
3.581678	98.273834
3.587483	98.163925
3.593288	98.045181
3.599093	97.938011
3.604898	195.966263
3.610703	195.996689
3.616508	196.132309
3.622313	196.205719
3.628118	195.886276
3.633923	195.448334
3.639728	195.491470
3.645533	196.098953
3.651338	196.671570
3.657143	196.945724
3.662948	196.951431
3.668753	196.865845
3.674558	196.878845
3.680363	196.976105
3.686168	197.063492
3.691973	197.116425
3.697778	197.162216
3.703583	197.186478
3.709388	197.123795
3.715193	197.089478
3.720998	197.130753
3.726803	196.885239
3.732608	443.848389
3.738413	444.644012
3.744218	221.406235
3.750023	221.556564
3.755828	221.707245
3.761633	444.727051
3.767438	443.907745
3.773243	443.207611
3.779048	147.552826
3.784853	147.537567
3.790658	147.536118
3.796463	147.605469
3.802268	147.678818
3.808073	147.646729
3.813878	147.556381
3.819683	147.499954
3.825488	147.483749
3.831293	147.477798
3.837098	147.455719
3.842902	147.445114
3.848707	147.455521
3.854512	147.436279
3.860317	147.391205
3.866122	147.353668
3.871927	147.331070
3.877732	147.307312
3.883537	147.280365
3.889342	147.227432
3.895147	147.189911
3.900952	147.247070
3.906757	147.304260
3.912562	147.292587
3.918367	147.268219
3.924172	147.297226
3.929977	147.348633
3.935782	147.380325
3.941587	147.374100
3.947392	147.361176
3.953197	147.347702
3.959002	147.341064
3.964807	147.387344
3.970612	147.462906
3.976417	147.504028
3.982222	147.509399
3.988027	147.547226
3.993832	147.612793
3.999637	147.625198
4.005442	147.595795
4.011247	147.589050
4.017052	147.592606
4.022857	147.572311
4.028662	147.514160
4.034467	147.464233
4.040272	147.476746
4.046077	147.551773
4.051882	295.905304
4.057687	295.716553
4.063492	295.553223
4.069297	295.524719
4.075102	295.540283
4.080907	295.535431
4.086712	295.569061
4.092517	295.671326
4.098322	295.688232
4.104127	295.615540
4.109932	295.597076
4.115737	295.658875
4.121542	295.745483
4.127347	295.799438
4.133152	295.791565
4.138957	295.795380
4.144762	282.929626
4.150567	239.884628
4.156372	166.235413
4.162177	166.807571
4.167982	167.242477
4.173787	167.496628
4.179592	392.658630
4.185397	392.847504
4.191202	393.291595
4.197007	394.199127
4.202812	395.610138
4.208617	397.171814
4.214422	131.826324
4.220227	131.909119
4.226032	334.151642
4.231837	335.338196
4.237642	392.127411
4.243447	335.818573
4.249252	335.249969
4.255057	334.618622
4.260862	334.148254
4.266667	334.511627
4.272472	335.254639
4.278277	336.201263
4.284082	337.564270
4.289887	339.693878
4.295692	342.433929
4.301497	345.719818
4.307302	347.661041
4.313107	348.256378
4.318912	348.045624
4.324717	347.267487
4.330522	347.163544
4.336327	347.818787
4.342132	348.147827
4.347937	348.184418
4.353741	348.630127
4.359546	349.698761
4.365351	351.072571
4.371156	352.439209
4.376961	353.916595
4.382766	354.948517
4.388571	354.363373
4.394376	352.695831
4.400181	350.645935
4.405986	348.756470
4.411791	348.119812
4.417596	348.565063
4.423401	348.784607
4.429206	348.062195
4.435011	346.715668
4.440816	345.834625
4.446621	345.483765
4.452426	344.972992
4.458231	344.614075
4.464036	344.474182
4.469841	344.635345
4.475646	345.219604
4.481451	345.349396
4.487256	344.962799
4.493061	344.070587
4.498866	341.700562
4.504671	338.939209
4.510476	337.038055
4.516281	335.140533
4.522086	333.760040
4.527891	333.310120
4.533696	332.597839
4.539501	331.518097
4.545306	330.508636
4.551111	329.467163
4.556916	165.636230
4.562721	221.868423
4.568526	221.722336
4.574331	221.698486
4.580136	221.760086
4.585941	221.759460
4.591746	443.098389
4.597551	442.822540
4.603356	442.692017
4.609161	442.660217
4.614966	442.604126
4.620771	442.652252
4.626576	442.936279
4.632381	443.066925
4.638186	442.726166
4.643991	442.194122
4.649796	441.754120
4.655601	441.462006
4.661406	441.268250
4.667211	441.135345
4.673016	441.137512
4.678821	441.307434
4.684626	441.436249
4.690431	441.335388
4.696236	441.254700
4.702041	441.293732
4.707846	441.314148
4.713651	441.324707
4.719456	441.475647
4.725261	441.771118
4.731066	442.012756
4.736871	442.101776
4.742676	442.135742
4.748481	442.082184
4.754286	441.896881
4.760091	441.762817
4.765896	441.802063
4.771701	441.843628
4.777506	441.886902
4.783311	442.047913
4.789116	442.227966
4.794921	442.251495
4.800726	442.233398
4.806531	442.176788
4.812336	442.084198
4.818141	442.130524
4.823946	442.306763
4.829751	442.411163
4.835556	442.484283
4.841361	442.742950
4.847166	442.994659
4.852971	442.666016
4.858776	441.415619
4.864580	439.687012
4.870385	438.477875
4.876190	438.412811
4.881995	439.057678
4.887800	439.548157
4.893605	439.784241
4.899410	439.988892
4.905215	440.382019
4.911020	441.031860
4.916825	441.731567
4.922630	442.172119
4.928435	442.154510
4.934240	441.906921
4.940045	441.725006
4.945850	441.547607
4.951655	441.290100
4.957460	441.036926
4.963265	440.745789
4.969070	440.504547
4.974875	440.557709
4.980680	590.459229
4.986485	593.067017
4.992290	294.165833
4.998095	293.477966
5.003900	293.088531
5.009705	584.658997
5.015510	582.167542
5.021315	581.813354
5.027120	584.506409
5.032925	587.397827
5.038730	588.943970
5.044535	588.581787
5.050340	587.194214
5.056145	585.858032
5.061950	585.135864
5.067755	585.065063
5.073560	585.535217
5.079365	586.344177
5.085170	587.082336
5.090975	587.318848
5.096780	587.050720
5.102585	586.879578
5.108390	587.014587
5.114195	586.889404
5.120000	586.738708
5.125805	586.990906
5.131610	587.601624
5.137415	588.295654
5.143220	588.983154
5.149025	196.250961
5.154830	196.529282
5.160635	196.712296
5.166440	196.739532
5.172245	196.675095
5.178050	196.489380
5.183855	196.278915
5.189660	196.119385
5.195465	588.369690
5.201270	195.956665
5.207075	195.988708
5.212880	196.119507
5.218685	196.309525
5.224490	196.561111
5.230295	196.859451
5.236100	197.086655
5.241905	197.160416
5.247710	197.084991
5.253515	196.929993
5.259320	196.750977
5.265125	196.578400
5.270930	196.407089
5.276735	196.189377
5.282540	196.042328
5.288345	196.080002
5.294150	196.296417
5.299955	196.593246
5.305760	196.774918
5.311565	196.709946
5.317370	196.417572
5.323175	196.056992
5.328980	195.792816
5.334785	195.626190
5.340590	195.516205
5.346395	195.558685
5.352200	195.823822
5.358005	196.069489
5.363810	196.042221
5.369615	195.999130
5.375420	196.249420
5.381224	196.369812
5.387029	242.052322
5.392834	221.845306
5.398639	221.704361
5.404444	221.723145
5.410249	221.776733
5.416054	443.267700
5.421859	442.981903
5.427664	442.748016
5.433469	442.679169
5.439274	442.643768
5.445079	442.600403
5.450884	442.755005
5.456689	443.046204
5.462494	442.994141
5.468299	442.543671
5.474104	442.042480
5.479909	441.655548
5.485714	441.388550
5.491519	441.182007
5.497324	441.051056
5.503129	441.108795
5.508934	441.318817
5.514739	441.413666
5.520544	441.350159
5.526349	441.344666
5.532154	441.354828
5.537959	441.334564
5.543764	441.397369
5.549569	441.650482
5.555374	441.991486
5.561179	442.138000
5.566984	442.100220
5.572789	442.038818
5.578594	441.964478
5.584399	441.907196
5.590204	442.004120
5.596009	442.138062
5.601814	442.139862
5.607619	442.131195
5.613424	442.191376
5.619229	442.245544
5.625034	442.301788
5.630839	442.420624
5.636644	442.416107
5.642449	442.338257
5.648254	442.350922
5.654059	442.376129
5.659864	442.364197
5.665669	442.443054
5.671474	442.641571
5.677279	442.639465
5.683084	442.082031
5.688889	440.924896
5.694694	439.599060
5.700499	438.916962
5.706304	439.391418
5.712109	440.444122
5.717914	441.183746
5.723719	441.394196
5.729524	441.403717
5.735329	441.504059
5.741134	441.823059
5.746939	442.276001
5.752744	442.571747
5.758549	442.561279
5.764354	442.397369
5.770159	442.151581
5.775964	441.692413
5.781769	441.131134
5.787574	440.778931
5.793379	439.825806
5.799184	507.963623
5.804989	441.350891
5.810794	439.889771
5.816599	439.289459
5.822404	148.062119
5.828209	147.826981
5.834014	110.394852
5.839819	110.403603
5.845624	110.417953
5.851429	110.453690
5.857234	110.506844
5.863039	110.553261
5.868844	110.570595
5.874649	110.563675
5.880454	110.568344
5.886259	110.564209
5.892063	110.522301
5.897868	110.447182
5.903673	110.374245
5.909478	110.316994
5.915283	110.290756
5.921088	110.296028
5.926893	110.284859
5.932698	110.231827
5.938503	110.175430
5.944308	110.152603
5.950113	110.178558
5.955918	110.238991
5.961723	110.255852
5.967528	110.223282
5.973333	110.213219
5.979138	110.256294
5.984943	110.321320
5.990748	110.353508
5.996553	110.317451
6.002358	110.273941
6.008163	110.314949
6.013968	110.416176
6.019773	110.453697
6.025578	110.403458
6.031383	110.356705
6.037188	110.368462
6.042993	110.432503
6.048798	110.486580
6.054603	110.484612
6.060408	110.452415
6.066213	110.453728
6.072018	110.501076
6.077823	110.541222
6.083628	110.542961
6.089433	110.516602
6.095238	110.462204
6.101043	110.371040
6.106848	110.268074
6.112653	333.694824
6.118458	333.639099
6.124263	333.520966
6.130068	333.130463
6.135873	332.492096
6.141678	332.019226
6.147483	331.899078
6.153288	331.887878
6.159093	331.679749
6.164898	331.386963
6.170703	331.311890
6.176508	331.423218
6.182313	331.460449
6.188118	331.310394
6.193923	330.865173
6.199728	329.990875
6.205533	329.067902
6.211338	382.294312
6.217143	243.734451
6.222948	221.567261
6.228753	221.582642
6.234558	221.680084
6.240363	221.725601
6.246168	440.894897
6.251973	441.434448
6.257778	442.993317
6.263583	444.242584
6.269388	444.461182
6.275193	444.686859
6.280998	445.398010
6.286803	445.813660
6.292608	445.643860
6.298413	445.217285
6.304218	444.532837
6.310023	443.960083
6.315828	443.845490
6.321633	443.889038
6.327438	444.212311
6.333243	445.254822
6.339048	446.107239
6.344853	445.945496
6.350658	445.899414
6.356463	446.145203
6.362268	445.870453
6.368073	445.984924
6.373878	446.616547
6.379683	446.703552
6.385488	446.825287
6.391293	447.203949
6.397098	446.858368
6.402902	446.272430
6.408707	446.138672
6.414512	445.747772
6.420317	445.895477
6.426122	219.812851
6.431927	214.305878
6.437732	197.708328
6.443537	197.629593
6.449342	197.631165
6.455147	394.819550
6.460952	394.528778
6.466757	394.433502
6.472562	394.516510
6.478367	394.485809
6.484172	394.333191
6.489977	394.419678
6.495782	394.771576
6.501587	394.891296
6.507392	394.601379
6.513197	394.201111
6.519002	393.850739
6.524807	393.546082
6.530612	393.327637
6.536417	393.153564
6.542222	392.957184
6.548027	392.849182
6.553832	392.994781
6.559637	393.187805
6.565442	393.116211
6.571247	393.036926
6.577052	393.120239
6.582857	393.217133
6.588662	393.290314
6.594467	393.462158
6.600272	393.666016
6.606077	393.649139
6.611882	393.440521
6.617687	393.429901
6.623492	393.804047
6.629297	394.805023
6.635102	198.158737
6.640907	223.678375
6.646712	111.738281
6.652517	222.133408
6.658322	221.346436
6.664127	221.173950
6.669932	221.282745
6.675737	221.324890
6.681542	221.156433
6.687347	220.741974
6.693152	220.331467
6.698957	220.183899
6.704762	220.162750
6.710567	219.974197
6.716372	219.710251
6.722177	219.688751
6.727982	219.847794
6.733787	220.014877
6.739592	220.085526
6.745397	220.067612
6.751202	220.045700
6.757007	220.097244
6.762812	220.241318
6.768617	220.409302
6.774422	220.497986
6.780227	220.523087
6.786032	220.617111
6.791837	220.778702
6.797642	220.852509
6.803447	220.776260
6.809252	220.876572
6.815057	221.299927
6.820862	221.601273
6.826667	222.023117
6.832472	331.279480
6.838277	165.980820
6.844082	166.011627
6.849887	166.082764
6.855692	332.198425
6.861497	332.297821
6.867302	332.139069
6.873107	331.813599
6.878912	331.699493
6.884717	331.776093
6.890522	331.752045
6.896327	331.571442
6.902132	331.548798
6.907937	331.807343
6.913741	332.092072
6.919546	332.141357
6.925351	331.933105
6.931156	331.590881
6.936961	331.241516
6.942766	330.993317
6.948571	330.807343
6.954376	330.651489
6.960181	330.536713
6.965986	330.437988
6.971791	330.354492
6.977596	330.448578
6.983401	330.641083
6.989206	330.625214
6.995011	330.546814
7.000816	330.642487
7.006621	330.775757
7.012426	330.840759
7.018231	330.809082
7.024036	330.764282
7.029841	331.741882
7.035646	221.985489
7.041451	221.768951
7.047256	221.710236
7.053061	221.761795
7.058866	221.762314
7.064671	443.135406
7.070476	442.840210
7.076281	442.687683
7.082086	442.651093
7.087891	442.602478
7.093696	442.651001
7.099501	442.929169
7.105306	443.076996
7.111111	442.772552
7.116916	442.259399
7.122721	441.813660
7.128526	441.497192
7.134331	441.269226
7.140136	441.096039
7.145941	441.053711
7.151746	441.206787
7.157551	441.383209
7.163356	441.358673
7.169161	441.307404
7.174966	441.325867
7.180771	441.325012
7.186576	441.336914
7.192381	441.512573
7.198186	441.847473
7.203991	442.109619
7.209796	442.136902
7.215601	442.078583
7.221406	441.999725
7.227211	441.922699
7.233016	441.978973
7.238821	443.433319
7.244626	491.859283
7.250431	248.681732
7.256236	248.873734
7.262041	248.900253
7.267846	497.466644
7.273651	497.135254
7.279456	496.892914
7.285261	496.798523
7.291066	496.797943
7.296871	496.935547
7.302676	497.196411
7.308481	497.125031
7.314286	496.598938
7.320091	496.024384
7.325896	495.579926
7.331701	495.218506
7.337506	494.908875
7.343311	494.762421
7.349116	494.864868
7.354921	495.067719
7.360726	495.226868
7.366531	495.338745
7.372336	495.316528
7.378141	495.332886
7.383946	495.611023
7.389751	495.962708
7.395556	496.161987
7.401361	496.169952
7.407166	496.010925
7.412971	495.785645
7.418776	495.767426
7.424580	496.128418
7.430385	496.488190
7.436190	496.495544
7.441995	496.501740
7.447800	165.728912
7.453605	166.460007
7.459410	166.519608
7.465215	166.886139
7.471020	167.519913
7.476825	262.033966
7.482630	259.638550
7.488435	259.096100
7.494240	166.956543
7.500045	166.440964
7.505850	166.043610
7.511655	166.605255
7.517460	168.741821
7.523265	263.152588
7.529070	173.130310
7.534875	172.717514
7.540680	172.531876
7.546485	172.668381
7.552290	172.844910
7.558095	172.909500
7.563900	172.976746
7.569705	173.120193
7.575510	173.107620
7.581315	172.630722
7.587120	172.271042
7.592925	172.525269
7.598730	172.807861
7.604535	172.916168
7.610340	173.098007
7.616145	173.281052
7.621950	173.354889
7.627755	173.455109
7.633560	173.596924
7.639365	173.593948
7.645170	173.514542
7.650975	173.470886
7.656780	173.348160
7.662585	173.105759
7.668390	173.098740
7.674195	173.311966
7.680000	173.447449
7.685805	173.440079
7.691610	173.425034
7.697415	173.435684
7.703220	173.337723
7.709025	173.102478
7.714830	172.804977
7.720635	172.302216
7.726440	171.190857
7.732245	169.393692
7.738050	168.179474
7.743855	168.224655
7.749660	169.009583
7.755465	169.803894
7.761270	170.368057
7.767075	170.808823
7.772880	171.110977
7.778685	171.162292
7.784490	171.012070
7.790295	170.808121
7.796100	170.540741
7.801905	170.132889
7.807710	169.679230
7.813515	169.213898
7.819320	168.673294
7.825125	168.102646
7.830930	167.711060
7.836735	167.428711
7.842540	166.894333
7.848345	166.107941
7.854150	165.651535
7.859955	441.466949
7.865760	221.600433
7.871565	221.220169
7.877370	221.025162
7.883175	220.852173
7.888980	220.623398
7.894785	220.387390
7.900590	220.275238
7.906395	220.380798
7.912200	220.479156
7.918005	220.414856
7.923810	220.186127
7.929615	219.808517
7.935420	219.478149
7.941224	219.368134
7.947029	219.432709
7.952834	219.583740
7.958639	219.795837
7.964444	219.940918
7.970249	219.924042
7.976054	219.841797
7.981859	219.787308
7.987664	219.710114
7.993469	219.678925
7.999274	219.821991
8.005079	220.075180
8.010884	220.332062
8.016689	220.571320
8.022494	220.792587
8.028299	220.906845
8.034104	220.820389
8.039909	220.642410
8.045714	220.472137
8.051519	220.333893
8.057324	220.216629
8.063129	220.123322
8.068934	220.080963
8.074739	220.171890
8.080544	220.489349
8.086349	220.944214
8.092154	221.229324
8.097959	221.123383
8.103764	220.880508
8.109569	220.703217
8.115374	220.645813
8.121179	220.679382
8.126984	220.694366
8.132789	220.606033
8.138594	220.490372
8.144399	220.447144
8.150204	220.404099
8.156009	220.270462
8.161814	219.965576
8.167619	219.602539
8.173424	219.430893
8.179229	219.447601
8.185034	219.345367
8.190839	219.095566
8.196644	219.063065
8.202449	219.451065
8.208254	220.052963
8.214059	220.317871
8.219864	220.116501
8.225669	219.837128
8.231474	219.877930
8.237279	220.256439
8.243084	220.487289
8.248889	220.314590
8.254694	220.000443
8.260499	219.726776
8.266304	219.674240
8.272109	219.864380
8.277914	889.021851
8.283719	441.670410
8.289524	441.113434
8.295329	291.779846
8.301134	290.399994
8.306939	174.258362
8.312744	173.977341
8.318549	174.775299
8.324354	175.169418
8.330159	175.159607
8.335964	440.597351
8.341769	175.286255
8.347574	175.455734
8.353379	175.376434
8.359184	174.934662
8.364989	174.454575
8.370794	174.288589
8.376599	174.300003
8.382404	174.365433
8.388209	174.528107
8.394014	524.159729
8.399819	524.706787
8.405624	525.264465
8.411429	526.392639
8.417234	528.376770
8.423039	529.882935
8.428844	529.455383
8.434649	527.840088
8.440454	526.370728
8.446259	525.164246
8.452063	524.131531
8.457868	523.542725
8.463673	523.492981
8.469478	524.022400
8.475283	525.028931
8.481088	525.888733
8.486893	526.046753
8.492698	525.482849
8.498503	524.694824
8.504308	261.769135
8.510113	261.483734
8.515918	524.084839
8.521723	524.269714
8.527528	524.325378
8.533333	524.514038
8.539138	525.048767
8.544943	526.089905
8.550748	528.437683
8.556553	533.741028
8.562358	106.364777
8.568163	106.745895
8.573968	131.495728
8.579773	131.295242
8.585578	131.183380
8.591383	174.149521
8.597188	174.164169
8.602993	261.332306
8.608798	261.329376
8.614603	261.216095
8.620408	261.241638
8.626213	261.387939
8.632018	261.473969
8.637823	174.420685
8.643628	174.371323
8.649433	174.104126
8.655238	173.596329
8.661043	258.537140
8.666848	257.637817
8.672653	74.164490
8.678458	74.069221
8.684263	54.458759
8.690068	222.026382
8.695873	221.768372
8.701678	221.700684
8.707483	221.752060
8.713288	221.769501
8.719093	443.138153
8.724898	442.862366
8.730703	442.712799
8.736508	442.677765
8.742313	442.619446
8.748118	442.626465
8.753923	442.876770
8.759728	443.069275
8.765533	442.822083
8.771338	442.320831
8.777143	441.868652
8.782948	441.542419
8.788753	441.308441
8.794558	441.120422
8.800363	441.050385
8.806168	441.186890
8.811973	441.379150
8.817778	441.370514
8.823583	441.306458
8.829388	441.322937
8.835193	441.321930
8.840998	441.328094
8.846803	441.487793
8.852608	441.815399
8.858413	442.096710
8.864218	442.139496
8.870023	442.084839
8.875828	442.025238
8.881633	441.953156
8.887438	441.961029
8.893243	442.111572
8.899048	442.194916
8.904853	442.164917
8.910658	442.170715
8.916463	442.226349
8.922268	442.258820
8.928073	442.362274
8.933878	442.470184
8.939683	442.444122
8.945488	442.413971
8.951293	442.433136
8.957098	442.420380
8.962902	442.421356
8.968707	442.575378
8.974512	442.719574
8.980317	442.502411
8.986122	441.687012
8.991927	440.410278
8.997732	439.265808
9.003537	439.048767
9.009342	439.911530
9.015147	440.919006
9.020952	441.418457
9.026757	441.484131
9.032562	441.510376
9.038367	441.714752
9.044172	442.087067
9.049977	442.475403
9.055782	442.610870
9.061587	442.499939
9.067392	442.303925
9.073197	441.965668
9.079002	441.398834
9.084807	440.871582
9.090612	440.603546
9.096417	413.842133
9.102222	330.510712
9.108027	181.805008
9.113832	179.796860
9.119637	165.533142
9.125442	330.782257
9.131247	330.199829
9.137052	329.886810
9.142857	329.645111
9.148662	329.612000
9.154467	329.927216
9.160272	330.260193
9.166077	330.124786
9.171882	329.544189
9.177687	329.094177
9.183492	329.083618
9.189297	329.320709
9.195102	329.649200
9.200907	329.999420
9.206712	330.203369
9.212517	330.200867
9.218322	330.128052
9.224127	330.025879
9.229932	329.829437
9.235737	329.704193
9.241542	329.817841
9.247347	330.082825
9.253152	330.441284
9.258957	330.810913
9.264762	331.025482
9.270567	331.037933
9.276372	330.986572
9.282177	331.028870
9.287982	331.033447
9.293787	330.841827
9.299592	330.537109
9.305397	330.406403
9.311202	330.559052
9.317007	330.930786
9.322812	331.253052
9.328617	331.397064
9.334422	331.457611
9.340227	331.343384
9.346032	331.069214
9.351837	330.803101
9.357642	330.692444
9.363447	330.716339
9.369252	330.780823
9.375057	330.799347
9.380862	330.805206
9.386667	330.865662
9.392472	330.920441
9.398277	330.815369
9.404082	330.459656
9.409887	330.103607
9.415692	330.105408
9.421497	330.470520
9.427302	330.846252
9.433107	330.996124
9.438912	331.018829
9.444717	331.134430
9.450522	331.521698
9.456327	331.877686
9.462132	331.951996
9.467937	331.975800
9.473741	332.173035
9.479546	332.318390
9.485351	332.071777
9.491156	331.510071
9.496961	330.686432
9.502766	329.788696
9.508571	329.554749
9.514376	268.473419
9.520181	247.552765
9.525986	248.108994
9.531791	221.945557
9.537596	221.848145
9.543401	166.124573
9.549206	165.832016
9.555011	497.611176
9.560816	495.444244
9.566621	490.887054
9.572426	481.964111
9.578231	469.123871
9.584036	471.819977
9.589841	474.532318
9.595646	474.938110
9.601451	472.287048
9.607256	465.118835
9.613061	458.700012
9.618866	456.290192
9.624671	456.228058
9.630476	458.300354
9.636281	461.023315
9.642086	462.176880
9.647891	462.170624
9.653696	462.378296
9.659501	462.718567
9.665306	463.088257
9.671111	463.723938
9.676916	463.831055
9.682721	463.423828
9.688526	463.423492
9.694331	463.892029
9.700136	464.331482
9.705941	464.037079
9.711746	462.598358
9.717551	460.569794
9.723356	448.251587
9.729161	222.116623
9.734966	221.747147
9.740771	221.737274
9.746576	221.811539
9.752381	443.407349
9.758186	443.256622
9.763991	221.469040
9.769796	221.337952
9.775601	221.230515
9.781406	221.196960
9.787211	221.323044
9.793016	221.464478
9.798821	221.414749
9.804626	221.206009
9.810431	220.981079
9.816236	220.808640
9.822041	220.691666
9.827846	220.609085
9.833651	220.579651
9.839456	220.656586
9.845261	220.761154
9.851066	220.725174
9.856871	220.632172
9.862676	220.601135
9.868481	220.572174
9.874286	220.532288
9.880091	220.548630
9.885896	220.643478
9.891701	220.769745
9.897506	220.884628
9.903311	220.960678
9.909116	220.932785
9.914921	220.852768
9.920726	220.859741
9.926531	221.481110
9.932336	247.772537
9.938141	249.615341
9.943946	250.369308
9.949751	250.898758
9.955556	388.867249
9.961361	250.108200
9.967166	249.238098
9.972971	249.097290
9.978776	251.437469
9.984580	258.604370
9.990385	258.864594
9.996190	258.778961
10.001995	258.943420
10.007800	259.199829
10.013605	259.287628
10.019410	259.129883
10.025215	258.741089
10.031020	258.590851
10.036825	258.988495
10.042630	259.503235
10.048435	260.021667
10.054240	260.440247
10.060045	260.569977
10.065850	98.489471
10.071655	98.617142
10.077460	98.729103
10.083265	98.706039
10.089070	98.548286
10.094875	98.367851
10.100680	98.262245
10.106485	98.254898
10.112290	98.366638
10.118095	98.565491
10.123900	98.745621
10.129705	98.814941
10.135510	98.749557
10.141315	98.660248
10.147120	98.630127
10.152925	98.642555
10.158730	98.641357
10.164535	98.636307
10.170340	98.644028
10.176145	98.637970
10.181950	98.547531
10.187755	98.394569
10.193560	98.253975
10.199365	98.144173
10.205170	98.025429
10.210975	196.025467
10.216780	195.957199
10.222585	196.018860
10.228390	196.158524
10.234195	196.181625
10.240000	195.804138
10.245805	195.410248
10.251610	195.568115
10.257415	196.214508
10.263220	196.740097
10.269025	196.963333
10.274830	196.935287
10.280635	196.858185
10.286440	196.892899
10.292245	196.994644
10.298050	197.075455
10.303855	197.122864
10.309660	197.169998
10.315465	197.178162
10.321270	197.112183
10.327075	197.090378
10.332880	197.133804
10.338685	194.351990
10.344490	444.002716
10.350295	444.730988
10.356100	221.428635
10.361905	221.585632
10.367710	221.721283
10.373515	444.583344
10.379320	443.780487
10.385125	443.086884
10.390930	147.551956
10.396735	147.534363
10.402540	147.542236
10.408345	147.622070
10.414150	147.681366
10.419955	147.632324
10.425760	147.543365
10.431565	147.495010
10.437370	147.483170
10.443175	147.474762
10.448980	147.451492
10.454785	147.446808
10.460590	147.455429
10.466395	147.429626
10.472200	147.383560
10.478005	147.348923
10.483810	147.326782
10.489615	147.302917
10.495420	147.274109
10.501224	147.217285
10.507029	147.193497
10.512834	147.260681
10.518639	147.306213
10.524444	147.286194
10.530249	147.268768
10.536054	147.306763
10.541859	147.357010
10.547664	147.381790
10.553469	147.370880
10.559274	147.359207
10.565079	147.343903
10.570884	147.344650
10.576689	147.401108
10.582494	147.474594
10.588299	147.505814
10.594104	147.511108
10.599909	147.558350
10.605714	147.619156
10.611519	147.620956
10.617324	147.593094
10.623129	147.591217
10.628934	147.591507
10.634739	147.564148
10.640544	147.502838
10.646349	147.460419
10.652154	147.485779
10.657959	295.939789
10.663764	295.884338
10.669569	295.677063
10.675374	295.537781
10.681179	295.527710
10.686984	295.541534
10.692789	295.535522
10.698594	295.584473
10.704399	295.683838
10.710204	295.677277
10.716009	295.606262
10.721814	295.604004
10.727619	295.673737
10.733424	295.758362
10.739229	295.803345
10.745034	295.783295
10.750839	295.873260
10.756644	281.332336
10.762449	240.067886
10.768254	166.348282
10.774059	166.894821
10.779864	167.295761
10.785669	167.530975
10.791474	392.686432
10.797279	392.897156
10.803084	393.412354
10.808889	394.406403
10.814694	395.886993
10.820499	131.736206
10.826304	131.845001
10.832109	131.915482
10.837914	334.374695
10.843719	335.510101
10.849524	391.674652
10.855329	335.728394
10.861134	335.151764
10.866939	334.503754
10.872744	334.150848
10.878549	334.629700
10.884354	335.388641
10.890159	336.398651
10.895964	337.862183
10.901769	340.082855
10.907574	342.970795
10.913379	346.201385
10.919184	347.816193
10.924989	348.276276
10.930794	347.933228
10.936599	347.165833
10.942404	347.247162
10.948209	347.913696
10.954014	348.154877
10.959819	348.223236
10.965624	348.775299
10.971429	349.931091
10.977234	351.295776
10.983039	352.683044
10.988844	354.151978
10.994649	354.975464
11.000454	354.124176
11.006259	352.356079
11.012063	350.293243
11.017868	348.534607
11.023673	348.153320
11.029478	348.648102
11.035283	348.730164
11.041088	347.850037
11.046893	346.503143
11.052698	345.763000
11.058503	345.412109
11.064308	344.889313
11.070113	344.582642
11.075918	344.466888
11.081723	344.726257
11.087528	345.296906
11.093333	345.298767
11.099138	344.877808
11.104943	343.777557
11.110748	341.185425
11.116553	338.562317
11.122358	336.734741
11.128163	334.829742
11.133968	333.640442
11.139773	333.233368
11.145578	332.422089
11.151383	331.339417
11.157188	330.332611
11.162993	329.376282
11.168798	165.681198
11.174603	221.849716
11.180408	221.707214
11.186213	221.706024
11.192018	221.769348
11.197823	443.299957
11.203628	443.047455
11.209433	442.787506
11.215238	442.684357
11.221043	442.652679
11.226848	442.597656
11.232653	442.687714
11.238458	442.986237
11.244263	443.040405
11.250068	442.636597
11.255873	442.108673
11.261678	441.693542
11.267483	441.423950
11.273288	441.240570
11.279093	441.122681
11.284898	441.157471
11.290703	441.341827
11.296508	441.432465
11.302313	441.311554
11.308118	441.256744
11.313923	441.300323
11.319728	441.313477
11.325533	441.338318
11.331338	441.519501
11.337143	441.823029
11.342948	442.036896
11.348753	442.109985
11.354558	442.135559
11.360363	442.058044
11.366168	441.862000
11.371973	441.760010
11.377778	441.813019
11.383583	441.846558
11.389388	441.904846
11.395193	442.084290
11.400998	442.244293
11.406803	442.247803
11.412608	442.229645
11.418413	442.159332
11.424218	442.076965
11.430023	442.157135
11.435828	442.332886
11.441633	442.419769
11.447438	442.512939
11.453243	442.800262
11.459048	442.997284
11.464853	442.516510
11.470658	441.128540
11.476463	439.415161
11.482268	438.383881
11.488073	438.502380
11.493878	439.165466
11.499683	439.605316
11.505488	439.812561
11.511293	440.038055
11.517098	440.478424
11.522902	441.154816
11.528707	441.835236
11.534512	442.196899
11.540317	442.114807
11.546122	441.864410
11.551927	441.698059
11.557732	441.510071
11.563537	441.251617
11.569342	440.997040
11.575147	440.701935
11.580952	440.476990
11.586757	442.509735
11.592562	591.893921
11.598367	592.704712
11.604172	294.009338
11.609977	293.397980
11.615782	293.035217
11.621587	584.185181
11.627392	581.890198
11.633197	582.092896
11.639002	585.024109
11.644807	587.798218
11.650612	589.004639
11.656417	588.382935
11.662222	586.936279
11.668027	585.685486
11.673832	585.079590
11.679637	585.110474
11.685442	585.659180
11.691247	586.490479
11.697052	587.165527
11.702857	587.300842
11.708662	586.991455
11.714467	586.897583
11.720272	587.017578
11.726077	586.848694
11.731882	586.748169
11.737687	587.077271
11.743492	587.721924
11.749297	588.412781
11.755102	589.108032
11.760907	196.297363
11.766712	196.572403
11.772517	196.725708
11.778322	196.735840
11.784127	196.650742
11.789932	196.451492
11.795737	196.247375
11.801542	196.097473
11.807347	588.306274
11.813152	195.955032
11.818957	196.004883
11.824762	196.148987
11.830567	196.347107
11.836372	196.611877
11.842177	196.906281
11.847982	197.111984
11.853787	197.156113
11.859592	197.061386
11.865397	196.900772
11.871202	196.719513
11.877007	196.551682
11.882812	196.372147
11.888617	196.154617
11.894422	196.034653
11.900227	196.106415
11.906032	196.346146
11.911837	196.638748
11.917642	196.782547
11.923447	196.673737
11.929252	196.354340
11.935057	196.003250
11.940862	195.759476
11.946667	195.603485
11.952472	195.508194
11.958277	195.590317
11.964082	195.876434
11.969887	196.083496
11.975692	196.020676
11.981497	196.023239
11.987302	196.303207
11.993107	196.159256
11.998912	240.654022
12.004717	221.808167
12.010522	221.699402
12.016327	221.734192
12.022132	221.776901
12.027937	443.226135
12.033741	442.931396
12.039546	442.725952
12.045351	442.675476
12.051156	442.633270
12.056961	442.606903
12.062766	442.807098
12.068571	443.072113
12.074376	442.936401
12.080181	442.453217
12.085986	441.966522
12.091791	441.602753
12.097596	441.349762
12.103401	441.151672
12.109206	441.045135
12.115011	441.139069
12.120816	441.351776
12.126621	441.406769
12.132426	441.342438
12.138231	441.349152
12.144036	441.353180
12.149841	441.333282
12.155646	441.427338
12.161451	441.709930
12.167256	442.036163
12.173061	442.138824
12.178866	442.090057
12.184671	442.027832
12.190476	441.949554
12.196281	441.911407
12.202086	442.032379
12.207891	442.147308
12.213696	442.133850
12.219501	442.137329
12.225306	442.204224
12.231111	442.250946
12.236916	442.322632
12.242721	442.432495
12.248526	442.402435
12.254331	442.333405
12.260136	442.358368
12.265941	442.374634
12.271746	442.366028
12.277551	442.474396
12.283356	442.667816
12.289161	442.590729
12.294966	441.921143
12.300771	440.688782
12.306576	439.411407
12.312381	438.916107
12.318186	439.563080
12.323991	440.607239
12.329796	441.250519
12.335601	441.397583
12.341406	441.404175
12.347211	441.539001
12.353016	441.894318
12.358821	442.353455
12.364626	442.598969
12.370431	442.541168
12.376236	442.362244
12.382041	442.089325
12.387846	441.599365
12.393651	441.062347
12.399456	440.750397
12.405261	438.355072
12.411066	442.086609
12.416871	441.053986
12.422676	439.724182
12.428481	439.253906
12.434286	148.048950
12.440091	110.416405
12.445896	110.394402
12.451701	110.405525
12.457506	110.422546
12.463311	110.461464
12.469116	110.516830
12.474921	110.558243
12.480726	110.570122
12.486531	110.563637
12.492336	110.568886
12.498141	110.560661
12.503946	110.510773
12.509751	110.433525
12.515556	110.363503
12.521361	110.309402
12.527166	110.290359
12.532971	110.296631
12.538776	110.278358
12.544580	110.220901
12.550385	110.168579
12.556190	110.153275
12.561995	110.188210
12.567800	110.247101
12.573605	110.251976
12.579410	110.218079
12.585215	110.217354
12.591020	110.266968
12.596825	110.330719
12.602630	110.352165
12.608435	110.307068
12.614240	110.273445
12.620045	110.331337
12.625850	110.430420
12.631655	110.449234
12.637460	110.392860
12.643265	110.354424
12.649070	110.376434
12.654875	110.444778
12.660680	110.490341
12.666485	110.479317
12.672290	110.449051
12.678095	110.458786
12.683900	110.510101
12.689705	110.544876
12.695510	110.539368
12.701315	110.509811
12.707120	110.449883
12.712925	110.352608
12.718730	110.254616
12.724535	333.677032
12.730340	333.634277
12.736145	333.477509
12.741950	333.025635
12.747755	332.394104
12.753560	331.969055
12.759365	331.904663
12.765170	331.869232
12.770975	331.624298
12.776780	331.355225
12.782585	331.321442
12.788390	331.442627
12.794195	331.446136
12.800000	331.261841
12.805805	330.742493
12.811610	329.820679
12.817415	328.964111
12.823220	0.000000
12.829025	221.678299
12.834830	221.554916
12.840635	221.598251
12.846440	221.694702
12.852245	441.293549
12.858050	440.892120
12.863855	441.658020
12.869660	443.269104
12.875465	444.337524
12.881270	444.465698
12.887075	444.787781
12.892880	445.514069
12.898685	445.816040
12.904490	445.584717
12.910295	445.117706
12.916100	444.407501
12.921905	443.911102
12.927710	443.851654
12.933515	443.904694
12.939320	444.345673
12.945125	445.459229
12.950930	446.136841
12.956735	445.895020
12.962540	445.951416
12.968345	446.132599
12.974150	445.827393
12.979955	446.091095
12.985760	446.678558
12.991565	446.690094
12.997370	446.897644
13.003175	447.212677
13.008980	446.731049
13.014785	446.235138
13.020590	446.094666
13.026395	445.691528
13.032200	446.151031
13.038005	219.158569
13.043810	198.205078
13.049615	197.674789
13.055420	197.631897
13.061224	395.019592
13.067029	394.767059
13.072834	394.493073
13.078639	394.442444
13.084444	394.526001
13.090249	394.460541
13.096054	394.321320
13.101859	394.472321
13.107664	394.821014
13.113469	394.866547
13.119274	394.530701
13.125079	394.138367
13.130884	393.793488
13.136689	393.502228
13.142494	393.297241
13.148299	393.121063
13.154104	392.926849
13.159909	392.854248
13.165714	393.038666
13.171519	393.193054
13.177324	393.092987
13.183129	393.042328
13.188934	393.139618
13.194739	393.228943
13.200544	393.309814
13.206349	393.538025
13.212154	196.984100
13.217959	198.541458
13.223764	127.311852
13.229569	111.610245
13.235374	221.913544
13.241179	221.261124
13.246984	221.190948
13.252789	221.306824
13.258594	221.306900
13.264399	221.078568
13.270204	220.628647
13.276009	220.271118
13.281814	220.178925
13.287619	220.139679
13.293424	219.901520
13.299229	219.679916
13.305034	219.717911
13.310839	219.891418
13.316644	220.043045
13.322449	220.085480
13.328254	220.060226
13.334059	220.049347
13.339864	220.123734
13.345669	220.283615
13.351474	220.439819
13.357279	220.505905
13.363084	220.535324
13.368889	220.653519
13.374694	220.812424
13.380499	220.841034
13.386304	220.768250
13.392109	220.959259
13.397914	221.392578
13.403719	221.681503
13.409524	221.818436
13.415329	165.865402
13.421134	165.989273
13.426939	166.024063
13.432744	166.105652
13.438549	332.232452
13.444354	332.290314
13.450159	332.060730
13.455964	331.759186
13.461769	331.710785
13.467574	331.788879
13.473379	331.715027
13.479184	331.538971
13.484989	331.591400
13.490794	331.883820
13.496599	332.132202
13.502404	332.110107
13.508209	331.859711
13.514014	331.502411
13.519819	331.172363
13.525624	330.945984
13.531429	330.766846
13.537234	330.620636
13.543039	330.513489
13.548844	330.413300
13.554649	330.354553
13.560454	330.500458
13.566259	330.659119
13.572063	330.599274
13.577868	330.553070
13.583673	330.678986
13.589478	330.798248
13.595283	330.841705
13.601088	330.792725
13.606893	330.794067
13.612698	331.973907
13.618503	221.944031
13.624308	221.737213
13.630113	221.717438
13.635918	221.773453
13.641723	443.326233
13.647528	443.061676
13.653333	442.786957
13.659138	442.674805
13.664943	442.641541
13.670748	442.595886
13.676553	442.700562
13.682358	442.997528
13.688163	443.044342
13.693968	442.654327
13.699773	442.142609
13.705578	441.726349
13.711383	441.437531
13.717188	441.222534
13.722993	441.068726
13.728798	441.074585
13.734603	441.258911
13.740408	441.394684
13.746213	441.339630
13.752018	441.309662
13.757823	441.327820
13.763628	441.321289
13.769433	441.361603
13.775238	441.581421
13.781043	441.929016
13.786848	442.134247
13.792653	442.125397
13.798458	442.061401
13.804263	441.979584
13.810068	441.916016
13.815873	442.067383
13.821678	444.220551
13.827483	247.883118
13.833288	248.753265
13.839093	248.893951
13.844898	248.881454
13.850703	497.390137
13.856508	497.063965
13.862313	496.858398
13.868118	496.791260
13.873923	496.813599
13.879728	496.996826
13.885533	497.228668
13.891338	497.028595
13.897143	496.452881
13.902948	495.907013
13.908753	495.489532
13.914558	495.137970
13.920363	494.852814
13.926168	494.766479
13.931973	494.912720
13.937778	495.108795
13.943583	495.261292
13.949388	495.345154
13.955193	495.304352
13.960998	495.375549
13.966803	495.699005
13.972608	496.029388
13.978413	496.179871
13.984218	496.145935
13.990023	495.957458
13.995828	495.746582
14.001633	495.828278
14.007438	496.232056
14.013243	496.525970
14.019048	496.453766
14.024853	496.846954
14.030658	165.909546
14.036463	166.503708
14.042268	166.561935
14.048073	167.030670
14.053878	167.679810
14.059683	261.347839
14.065488	259.307648
14.071293	259.282928
14.077098	166.832077
14.082902	166.317352
14.088707	166.053085
14.094512	166.953018
14.100317	262.993225
14.106122	263.128418
14.111927	173.030685
14.117732	172.643250
14.123537	172.541412
14.129342	172.718246
14.135147	172.868683
14.140952	172.919052
14.146757	173.006393
14.152562	173.148163
14.158367	173.033997
14.164172	172.494919
14.169977	172.286697
14.175782	172.615814
14.181587	172.839035
14.187392	172.949905
14.193197	173.148666
14.199002	173.305984
14.204807	173.370499
14.210612	173.492828
14.216417	173.612656
14.222222	173.573853
14.228027	173.501617
14.233832	173.456116
14.239637	173.293793
14.245442	173.073318
14.251247	173.140930
14.257052	173.358902
14.262857	173.454315
14.268662	173.432785
14.274467	173.429016
14.280272	173.426941
14.286077	173.290955
14.291882	173.036285
14.297687	172.718201
14.303492	172.108643
14.309297	170.800232
14.315102	168.986755
14.320907	168.086746
14.326712	168.374344
14.332517	169.218796
14.338322	169.957809
14.344127	170.480026
14.349932	170.898773
14.355737	171.148239
14.361542	171.139648
14.367347	170.964935
14.373152	170.754761
14.378957	170.454849
14.384762	170.025543
14.390567	169.570160
14.396372	169.091537
14.402177	168.530121
14.407982	167.993729
14.413787	167.649216
14.419592	167.335663
14.425397	166.717651
14.431202	165.927948
14.437007	165.777023
14.442812	240.012161
14.448617	221.482895
14.454422	221.163589
14.460227	220.987213
14.466032	220.802429
14.471837	220.564575
14.477642	220.342331
14.483447	220.284073
14.489252	220.415771
14.495057	220.478989
14.500862	220.375732
14.506667	220.106247
14.512472	219.715912
14.518277	219.429886
14.524082	219.372910
14.529887	219.461487
14.535692	219.631393
14.541497	219.842880
14.547302	219.950409
14.553107	219.904694
14.558912	219.826660
14.564717	219.772583
14.570522	219.692001
14.576327	219.695755
14.582132	219.877899
14.587937	220.137970
14.593741	220.390610
14.599546	220.626053
14.605351	220.835953
14.611156	220.903763
14.616961	220.779800
14.622766	220.600021
14.628571	220.436691
14.634376	220.303986
14.640181	220.191559
14.645986	220.107040
14.651791	220.085648
14.657596	220.226181
14.663401	220.593460
14.669206	221.042831
14.675011	221.235046
14.680816	221.065292
14.686621	220.829697
14.692426	220.677658
14.698231	220.648926
14.704036	220.688782
14.709841	220.683853
14.715646	220.574310
14.721451	220.473557
14.727256	220.441040
14.733061	220.384247
14.738866	220.214020
14.744671	219.873962
14.750476	219.538406
14.756281	219.427200
14.762086	219.445114
14.767891	219.288666
14.773696	219.054138
14.779501	219.118073
14.785306	219.593079
14.791111	220.166336
14.796916	220.304276
14.802721	220.042557
14.808526	219.809540
14.814331	219.948685
14.820136	220.344025
14.825941	220.475235
14.831746	220.245132
14.837551	219.927155
14.843356	219.691818
14.849161	219.696533
14.854966	220.104599
14.860771	887.279724
14.866576	441.416687
14.872381	441.110352
14.878186	291.525452
14.883991	174.859497
14.889796	174.093582
14.895601	174.111237
14.901406	174.924103
14.907211	175.188477
14.913016	175.143173
14.918821	175.156494
14.924626	175.336609
14.930431	175.468002
14.936236	175.299515
14.942041	174.804825
14.947846	174.384262
14.953651	174.285004
14.959456	174.308746
14.965261	174.395447
14.971066	174.575180
14.976871	524.315796
14.982676	524.817932
14.988481	525.454956
14.994286	526.802063
15.000091	528.859497
15.005896	529.968567
15.011701	529.111694
15.017506	527.452209
15.023311	526.070374
15.029116	524.898315
15.034921	523.939819
15.040726	523.484619
15.046531	523.556946
15.052336	524.238525
15.058141	525.271484
15.063946	526.008972
15.069751	525.955933
15.075556	525.299683
15.081361	524.518066
15.087166	261.696777
15.092971	261.430054
15.098776	524.140686
15.104580	524.288574
15.110385	524.346313
15.116190	524.608826
15.121995	525.237488
15.127800	526.476440
15.133605	529.387939
15.139410	131.601654
15.145215	106.547272
15.151020	106.688805
15.156825	131.433868
15.162630	131.267075
15.168435	131.152237
15.174240	174.137299
15.180045	261.218384
15.185850	261.347290
15.191655	261.304352
15.197460	261.204315
15.203265	261.276855
15.209070	261.411133
15.214875	174.350967
15.220680	174.427460
15.226485	174.326294
15.232290	174.006226
15.238095	173.461426
15.243900	258.279053
15.249705	257.462921
15.255510	74.147217
15.261315	74.008789
15.267120	243.062897
15.272925	221.958374
15.278730	221.733521
15.284535	221.706726
15.290340	221.766144
15.296145	221.750290
15.301950	443.070709
15.307755	442.810883
15.313560	442.699982
15.319365	442.668091
15.325170	442.605682
15.330975	442.664886
15.336780	442.949432
15.342585	443.052704
15.348390	442.710266
15.354195	442.203156
15.360000	441.779083
15.365805	441.481323
15.371610	441.259430
15.377415	441.087158
15.383220	441.065460
15.389025	441.238800
15.394830	441.397858
15.400635	441.349274
15.406440	441.306335
15.412245	441.324921
15.418050	441.319061
15.423855	441.348572
15.429660	441.553894
15.435465	441.898987
15.441270	442.127319
15.447075	442.128754
15.452880	442.071625
15.458685	442.009186
15.464490	441.940979
15.470295	441.988953
15.476100	442.146088
15.481905	442.192413
15.487710	442.160126
15.493515	442.182159
15.499320	442.238068
15.505125	442.272614
15.510930	442.398102
15.516735	442.473572
15.522540	442.430481
15.528345	442.416351
15.534150	442.433441
15.539955	442.413025
15.545760	442.442383
15.551565	442.622864
15.557370	442.712555
15.563175	442.364532
15.568980	441.409485
15.574785	440.095459
15.580590	439.104950
15.586395	439.181549
15.592200	440.178589
15.598005	441.094727
15.603810	441.458252
15.609615	441.488007
15.615420	441.540955
15.621224	441.792206
15.627029	442.193024
15.632834	442.544037
15.638639	442.611298
15.644444	442.462952
15.650249	442.235291
15.656054	441.836456
15.661859	441.250366
15.667664	440.781647
15.673469	440.516144
15.679274	402.182587
15.685079	331.133179
15.690884	181.312134
15.696689	166.054260
15.702494	165.405457
15.708299	330.613373
15.714104	330.109406
15.719909	329.825623
15.725714	329.606903
15.731519	329.660004
15.737324	330.025055
15.743129	330.282440
15.748934	330.010010
15.754739	329.401978
15.760544	329.055206
15.766349	329.126678
15.772154	329.392395
15.777959	329.735565
15.783764	330.068054
15.789569	330.217651
15.795374	330.184113
15.801179	330.110352
15.806984	329.985474
15.812789	329.783386
15.818594	329.709747
15.824399	329.871979
15.830204	330.159790
15.836009	330.536133
15.841814	330.879669
15.847619	331.045471
15.853424	331.021973
15.859229	330.989075
15.865034	331.040466
15.870839	331.009003
15.876644	330.767883
15.882449	330.482391
15.888254	330.417511
15.894059	330.634766
15.899864	331.023376
15.905669	331.300781
15.911474	331.419281
15.917279	331.450256
15.923084	331.287872
15.928889	330.998016
15.934694	330.760071
15.940499	330.689056
15.946304	330.731873
15.952109	330.790344
15.957914	330.797913
15.963719	330.814941
15.969524	330.884064
15.975329	330.916656
15.981134	330.750763
15.986939	330.358765
15.992744	330.063507
15.998549	330.168915
16.004354	330.574219
16.010159	330.902435
16.015964	331.007172
16.021769	331.026459
16.027574	331.205383
16.033379	331.626434
16.039184	331.918396
16.044989	331.949432
16.050794	332.008148
16.056599	332.231049
16.062404	332.298645
16.068209	331.962128
16.074014	331.337280
16.079819	330.462280
16.085624	329.609833
16.091429	331.181427
16.097234	267.919159
16.103039	247.709381
16.108844	248.215225
16.114649	221.915939
16.120454	221.835739
16.126259	437.893890
16.132063	165.749405
16.137868	497.263641
16.143673	494.646240
16.149478	489.260986
16.155283	478.027740
16.161088	469.302826
16.166893	472.574066
16.172698	474.886932
16.178503	474.598694
16.184308	471.006073
16.190113	463.166870
16.195918	457.818268
16.201723	456.101532
16.207528	456.518188
16.213333	459.008636
16.219138	461.466461
16.224943	462.220642
16.230748	462.174774
16.236553	462.473022
16.242358	462.780304
16.248163	463.239258
16.253968	463.819489
16.259773	463.754730
16.265578	463.360291
16.271383	463.511200
16.277188	464.020935
16.282993	464.355774
16.288798	463.787231
16.294603	462.157593
16.300408	459.309357
16.306213	223.034256
16.312018	221.972916
16.317823	221.724655
16.323628	221.755417
16.329433	443.463196
16.335238	443.376709
16.341043	443.218201
16.346848	221.434113
16.352653	221.310516
16.358458	221.211319
16.364263	221.212891
16.370068	221.365906
16.375873	221.472717
16.381678	221.373703
16.387483	221.150040
16.393288	220.934174
16.399093	220.776733
16.404898	220.669296
16.410703	220.594925
16.416508	220.588074
16.422313	220.685959
16.428118	220.767914
16.433923	220.700394
16.439728	220.619858
16.445533	220.595932
16.451338	220.562454
16.457143	220.529037
16.462948	220.564529
16.468753	220.673279
16.474558	220.799088
16.480363	220.908508
16.486168	220.964249
16.491973	220.913544
16.497778	220.842712
16.503583	220.892502
16.509388	222.410690
16.515193	248.606628
16.520998	249.804581
16.526803	250.521637
16.532608	250.960556
16.538413	388.546509
16.544218	249.856415
16.550023	249.104370
16.555828	249.289047
16.561633	253.876373
16.567438	258.784943
16.573243	258.834229
16.579048	258.794525
16.584853	259.008026
16.590658	259.241333
16.596463	259.273438
16.602268	259.052032
16.608073	258.655579
16.613878	258.650055
16.619683	259.111755
16.625488	259.625793
16.631293	260.140411
16.637098	260.500732
16.642902	260.555420
16.648707	98.515457
16.654512	98.650391
16.660317	98.738472
16.666122	98.677971
16.671927	98.502045
16.677732	98.334373
16.683537	98.250397
16.689342	98.271454
16.695147	98.407516
16.700952	98.616341
16.706757	98.773277
16.712562	98.810699
16.718367	98.723595
16.724172	98.647820
16.729977	98.631668
16.735782	98.644676
16.741587	98.639183
16.747392	98.636696
16.753197	98.646744
16.759002	98.625656
16.764807	98.514206
16.770612	98.356293
16.776417	98.228188
16.782222	98.115974
16.788027	97.998421
16.793832	196.012207
16.799637	195.954468
16.805442	196.051071
16.811247	196.191498
16.817052	196.123718
16.822857	195.686874
16.828662	195.384384
16.834467	195.703232
16.840272	196.363129
16.846077	196.820557
16.851882	196.976044
16.857687	196.913498
16.863492	196.856491
16.869297	196.916199
16.875102	197.017853
16.880907	197.089493
16.886712	197.133011
16.892517	197.181854
16.898322	197.165192
16.904127	197.101395
16.909932	197.099976
16.915737	197.097946
16.921542	444.109406
16.927347	444.232391
16.933152	221.351089
16.938957	221.462280
16.944762	147.990463
16.950567	221.730072
16.956372	444.382294
16.962177	443.611298
16.967982	442.912689
16.973787	147.549240
16.979592	147.531357
16.985397	147.555161
16.991202	147.643845
16.997007	147.678772
17.002812	147.610214
17.008617	147.527618
17.014422	147.490021
17.020227	147.482590
17.026032	147.469818
17.031837	147.446823
17.037642	147.449615
17.043447	147.452896
17.049252	147.419571
17.055057	147.373917
17.060862	147.343246
17.066667	147.320862
17.072472	147.296677
17.078277	147.262817
17.084082	147.204208
17.089887	147.204437
17.095692	147.278366
17.101497	147.305649
17.107302	147.277725
17.113107	147.272614
17.118912	147.319275
17.124717	147.367065
17.130522	147.382675
17.136327	147.367416
17.142132	147.356110
17.147937	147.339432
17.153741	147.352234
17.159546	147.419571
17.165351	147.488068
17.171156	147.508316
17.176961	147.517105
17.182766	147.574524
17.188571	147.624680
17.194376	147.613098
17.200181	147.589630
17.205986	147.593613
17.211791	147.589951
17.217596	147.551468
17.223401	147.488159
17.229206	147.459549
17.235011	147.501373
17.240816	295.944855
17.246621	295.847717
17.252426	295.631897
17.258231	295.524445
17.264036	295.530396
17.269841	295.540802
17.275646	295.539398
17.281451	295.609558
17.287256	295.695587
17.293061	295.659698
17.298866	295.596436
17.304671	295.615692
17.310476	295.695435
17.316281	295.774536
17.322086	295.804443
17.327891	295.769623
17.333696	296.032104
17.339501	280.587036
17.345306	240.338089
17.351111	166.489319
17.356916	167.009338
17.362721	167.360718
17.368526	167.577042
17.374331	392.724945
17.380136	392.981537
17.385941	393.603699
17.391746	394.719879
17.397551	396.273438
17.403356	131.760452
17.409161	131.868362
17.414966	131.919342
17.420771	334.679077
17.426576	393.547058
17.432381	391.044922
17.438186	335.592560
17.443991	335.008240
17.449796	334.355713
17.455601	334.204071
17.461406	334.805237
17.467211	335.604065
17.473016	336.693970
17.478821	338.368225
17.484626	340.656830
17.490431	343.823456
17.496236	346.784760
17.502041	347.993256
17.507846	348.263031
17.513651	347.748444
17.519456	347.084900
17.525261	347.402222
17.531066	348.019623
17.536871	348.157166
17.542676	348.305878
17.548481	349.002533
17.554286	350.262238
17.560091	351.625610
17.565896	353.034149
17.571701	354.469452
17.577506	354.918701
17.583311	353.760803
17.589116	351.862457
17.594921	349.802032
17.600726	348.307281
17.606531	348.246674
17.612336	348.744629
17.618141	348.605133
17.623946	347.533783
17.629751	346.250732
17.635556	345.683289
17.641361	345.297913
17.647166	344.786835
17.652971	344.543488
17.658776	344.471405
17.664580	344.870117
17.670385	345.369965
17.676190	345.211609
17.681995	344.728577
17.687800	343.278961
17.693605	340.470612
17.699410	338.081573
17.705215	336.293427
17.711020	334.439423
17.716825	333.520660
17.722630	333.096527
17.728435	332.165314
17.734240	331.098511
17.740045	330.085236
17.745850	329.907654
17.751655	441.060425
17.757460	221.810928
17.763265	221.695160
17.769070	221.720062
17.774875	221.777298
17.780680	443.253357
17.786485	442.976624
17.792290	442.747772
17.798095	442.677094
17.803900	442.639709
17.809705	442.596069
17.815510	442.749847
17.821315	443.041016
17.827120	442.978516
17.832925	442.507874
17.838730	441.996521
17.844535	441.617004
17.850340	441.374969
17.856145	441.204865
17.861950	441.113190
17.867755	441.193237
17.873560	441.384613
17.879365	441.414795
17.885170	441.283722
17.890975	441.265350
17.896780	441.307220
17.902585	441.311676
17.908390	441.365356
17.914195	441.586945
17.920000	441.889099
17.925805	442.062042
17.931610	442.120026
17.937415	442.129822
17.943220	442.018188
17.949025	441.820190
17.954830	441.765076
17.960635	441.825714
17.966440	441.851868
17.972245	441.937378
17.978050	442.133057
17.983855	442.256317
17.989660	442.242615
17.995465	442.220764
18.001270	442.134521
18.007075	442.077179
18.012880	442.200500
18.018685	442.364105
18.024490	442.431580
18.030295	442.564575
18.036100	442.875641
18.041905	442.964539
18.047710	442.260223
18.053515	440.712891
18.059320	439.072571
18.065125	438.310791
18.070930	438.650879
18.076735	439.298248
18.082540	439.673676
18.088345	439.860107
18.094150	440.125763
18.099955	440.632111
18.105760	441.328613
18.111565	441.965546
18.117370	442.211426
18.123175	442.056274
18.128980	441.818207
18.134785	441.664886
18.140590	441.455566
18.146395	441.194427
18.152200	440.932312
18.158005	440.648651
18.163810	440.460327
18.169615	146.844666
18.175420	593.174500
18.181224	592.145264
18.187029	293.823792
18.192834	293.297424
18.198639	292.965790
18.204444	583.536072
18.210249	581.638245
18.216054	582.641602
18.221859	585.748108
18.227664	588.269165
18.233469	588.995117
18.239274	588.069336
18.245079	586.592041
18.250884	585.479797
18.256689	585.033264
18.262494	585.198792
18.268299	585.844788
18.274104	586.684937
18.279909	587.251587
18.285714	587.250671
18.291519	586.924316
18.297324	586.934937
18.303129	587.001831
18.308934	586.797119
18.314739	586.785217
18.320544	587.212952
18.326349	587.889404
18.332154	588.574768
18.337959	589.289246
18.343764	196.364395
18.349569	196.625061
18.355374	196.736557
18.361179	196.726624
18.366984	196.610443
18.372789	196.399277
18.378594	196.206467
18.384399	196.069443
18.390204	588.238220
18.396009	195.957428
18.401814	196.032104
18.407619	196.192062
18.413424	196.402573
18.419229	196.684158
18.425034	196.966675
18.430839	197.138748
18.436644	197.143585
18.442449	197.025589
18.448254	196.859116
18.454059	196.676453
18.459864	196.513474
18.465669	196.320572
18.471474	196.111420
18.477279	196.033386
18.483084	196.150970
18.488889	196.417984
18.494694	196.693451
18.500499	196.780273
18.506304	196.612213
18.512109	196.265076
18.517914	195.934189
18.523719	195.717316
18.529524	195.573044
18.535329	195.505249
18.541134	195.647293
18.546939	195.948654
18.552744	196.090195
18.558549	195.996750
18.564354	196.074142
18.570159	196.367249
18.575964	97.654564
18.581769	221.943756
18.587574	221.763565
18.593379	221.699158
18.599184	221.750183
18.604989	221.768890
18.610794	443.160858
18.616599	442.866852
18.622404	442.703857
18.628209	442.669617
18.634014	442.618225
18.639819	442.629120
18.645624	442.884094
18.651429	443.085175
18.657234	442.838287
18.663039	442.329071
18.668844	441.867584
18.674649	441.535217
18.680454	441.298187
18.686259	441.113525
18.692063	441.047852
18.697868	441.187744
18.703673	441.387360
18.709478	441.391510
18.715283	441.336884
18.721088	441.353790
18.726893	441.349121
18.732698	441.338257
18.738503	441.478638
18.744308	441.795410
18.750113	442.085083
18.755918	442.132385
18.761723	442.075562
18.767528	442.011627
18.773333	441.930328
18.779138	441.927063
18.784943	442.070343
18.790748	442.153198
18.796553	442.128418
18.802358	442.150085
18.808163	442.219482
18.813968	442.257629
18.819773	442.353241
18.825578	442.439514
18.831383	442.381409
18.837188	442.332001
18.842993	442.366974
18.848798	442.370941
18.854603	442.375610
18.860408	442.523407
18.866213	442.689636
18.872018	442.491699
18.877823	441.667847
18.883628	440.358765
18.889433	439.194397
18.895238	438.979156
18.901043	439.820862
18.906848	440.816956
18.912653	441.326233
18.918458	441.405823
18.924263	441.420624
18.930068	441.609222
18.935873	442.002411
18.941678	442.436859
18.947483	442.609772
18.953288	442.512970
18.959093	442.323975
18.964898	442.001099
18.970703	441.460632
18.976508	440.956940
18.982313	440.692261
18.988118	513.584900
18.993923	442.142426
18.999728	440.667694
19.005533	439.542145
19.011338	439.222321
19.017143	148.014648
19.022948	110.407524
19.028753	110.395866
19.034558	110.408157
19.040363	110.430206
19.046168	110.473190
19.051973	110.529533
19.057778	110.564064
19.063583	110.568077
19.069388	110.564690
19.075193	110.568924
19.080998	110.553093
19.086803	110.493492
19.092608	110.415077
19.098413	110.349297
19.104218	110.300880
19.110023	110.291214
19.115828	110.296265
19.121633	110.267189
19.127438	110.206039
19.133243	110.160942
19.139048	110.156876
19.144853	110.202751
19.150658	110.254578
19.156463	110.244972
19.162268	110.213020
19.168073	110.225273
19.173878	110.282745
19.179683	110.342323
19.185488	110.346481
19.191293	110.293167
19.197098	110.278236
19.202902	110.356407
19.208707	110.444763
19.214512	110.438744
19.220317	110.379616
19.226122	110.354073
19.231927	110.389542
19.237732	110.460602
19.243537	110.493279
19.249342	110.470726
19.255147	110.446838
19.260952	110.469414
19.266757	110.521553
19.272562	110.547234
19.278367	110.533791
19.284172	110.498672
19.289977	110.429749
19.295782	110.326149
19.301587	110.241165
19.307392	333.659149
19.313197	333.619568
19.319002	333.403351
19.324807	332.867798
19.330612	332.268707
19.336417	331.922394
19.342222	331.910919
19.348027	331.832275
19.353832	331.546753
19.359637	331.325226
19.365442	331.344879
19.371247	331.463043
19.377052	331.419983
19.382857	331.178467
19.388662	330.549683
19.394467	329.586945
19.400272	329.615387
19.406077	0.000000
19.411882	221.646515
19.417687	221.550400
19.423492	221.621689
19.429297	221.711288
19.435102	441.133789
19.440907	440.951508
19.446712	442.013733
19.452517	443.633118
19.458322	444.417053
19.464127	444.487885
19.469932	444.952332
19.475737	445.649658
19.481542	445.791992
19.487347	445.494507
19.493152	444.964417
19.498957	444.246429
19.504762	443.867035
19.510567	443.862274
19.516372	443.945618
19.522177	444.570190
19.527982	445.717560
19.533787	446.122589
19.539592	445.849518
19.545397	446.031525
19.551202	446.078308
19.557007	445.805145
19.562812	446.257141
19.568617	446.725464
19.574422	446.688568
19.580227	447.006348
19.586032	447.175140
19.591837	446.558380
19.597642	446.207184
19.603447	446.010193
19.609252	445.650848
19.615057	446.712952
19.620862	217.987839
19.626667	197.973251
19.632472	197.646301
19.638277	197.635880
19.644082	394.973328
19.649887	394.692810
19.655692	394.456360
19.661497	394.462006
19.667302	394.529877
19.673107	394.420624
19.678912	394.321625
19.684717	394.556976
19.690522	394.871979
19.696327	394.811279
19.702132	394.432068
19.707937	394.053711
19.713741	393.716797
19.719546	393.446106
19.725351	393.256561
19.731156	393.074097
19.736961	392.890900
19.742766	392.876190
19.748571	393.097412
19.754376	393.185059
19.760181	393.064911
19.765986	393.058319
19.771791	393.165253
19.777596	393.244476
19.783401	393.343384
19.789206	393.557983
19.795011	393.694550
19.800816	393.567841
19.806621	393.392883
19.812426	393.544708
19.818231	394.268524
19.824036	395.971161
19.829841	200.900803
19.835646	224.464996
19.841451	118.967094
19.847256	222.652603
19.853061	221.601013
19.858866	221.185791
19.864671	221.232437
19.870476	221.328293
19.876281	221.254013
19.882086	220.930588
19.887891	220.471252
19.893696	220.212341
19.899501	220.176956
19.905306	220.077393
19.911111	219.796936
19.916916	219.666107
19.922721	219.775040
19.928526	219.953812
19.934331	220.072083
19.940136	220.079575
19.945941	220.050415
19.951746	220.064270
19.957551	220.173859
19.963356	220.347382
19.969161	220.474625
19.974966	220.511993
19.980771	220.566147
19.986576	220.713531
19.992381	220.846298
19.998186	220.809616
20.003991	220.789581
20.009796	221.117813
20.015601	221.500000
20.021406	221.884171
20.027211	111.312683
20.033016	165.945343
20.038821	165.997787
20.044626	166.048584
20.050431	166.142044
20.056236	332.275665
20.062041	332.242371
20.067846	331.936249
20.073651	331.709778
20.079456	331.741119
20.085261	331.787842
20.091066	331.646362
20.096871	331.519257
20.102676	331.682861
20.108481	331.992859
20.114286	332.159180
20.120091	332.039124
20.125896	331.737640
20.131701	331.373108
20.137506	331.081207
20.143311	330.879028
20.149116	330.709503
20.154921	330.578705
20.160726	330.478699
20.166531	330.378510
20.172336	330.381104
20.178141	330.578217
20.183946	330.657562
20.189751	330.563934
20.195556	330.585327
20.201361	330.729248
20.207166	330.824799
20.212971	330.832184
20.218776	330.771362
20.224580	331.046722
20.230385	165.341812
20.236190	221.853271
20.241995	221.712967
20.247800	221.736740
20.253605	221.779739
20.259410	443.248291
20.265215	442.950623
20.271020	442.726959
20.276825	442.663055
20.282630	442.623047
20.288435	442.603729
20.294240	442.801056
20.300045	443.067383
20.305850	442.943451
20.311655	442.466888
20.317460	441.978455
20.323265	441.609558
20.329070	441.354401
20.334875	441.157623
20.340680	441.046326
20.346485	441.126648
20.352290	441.330994
20.358095	441.387512
20.363900	441.316986
20.369705	441.318359
20.375510	441.328186
20.381315	441.319519
20.387120	441.419647
20.392925	441.702179
20.398730	442.032867
20.404535	442.146545
20.410340	442.104553
20.416145	442.032837
20.421950	441.949158
20.427755	441.925385
20.433560	442.443848
20.439365	444.826660
20.445170	248.443466
20.450975	248.822739
20.456780	248.909012
20.462585	248.835190
20.468390	497.268280
20.474195	496.971802
20.480000	496.821838
20.485805	496.788025
20.491610	496.856232
20.497415	497.098541
20.503220	497.221130
20.509025	496.841156
20.514830	496.241211
20.520635	495.744415
20.526440	495.359253
20.532245	495.022797
20.538050	494.791229
20.543855	494.799103
20.549660	494.988892
20.555465	495.165649
20.561270	495.306396
20.567075	495.337891
20.572880	495.300232
20.578685	495.472321
20.584490	495.830170
20.590295	496.107727
20.596100	496.187744
20.601905	496.091217
20.607710	495.873352
20.613515	495.723450
20.619320	495.956421
20.625125	496.373627
20.630930	496.537811
20.636735	496.399139
20.642540	248.660248
20.648345	166.229599
20.654150	166.506729
20.659955	166.679626
20.665760	167.252655
20.671565	263.311890
20.677370	260.447845
20.683175	259.046875
20.688980	167.175171
20.694785	166.649033
20.700590	166.149536
20.706395	166.207397
20.712200	167.655685
20.718005	263.106323
20.723810	173.262421
20.729615	172.874908
20.735420	172.564148
20.741224	172.588623
20.747029	172.787048
20.752834	172.892197
20.758639	172.939423
20.764444	173.059479
20.770249	173.160767
20.776054	172.866745
20.781859	172.339691
20.787664	172.374863
20.793469	172.726593
20.799274	172.873993
20.805079	173.014175
20.810884	173.219177
20.816689	173.331879
20.822494	173.402161
20.828299	173.549026
20.834104	173.616119
20.839909	173.542923
20.845714	173.487305
20.851519	173.417908
20.857324	173.198135
20.863129	173.061752
20.868934	173.220596
20.874739	173.413528
20.880544	173.451904
20.886349	173.425262
20.892154	173.436035
20.897959	173.397293
20.903764	173.207245
20.909569	172.932068
20.915374	172.555466
20.921179	171.736160
20.926984	170.147995
20.932789	168.503876
20.938594	168.074036
20.944399	168.655869
20.950204	169.513138
20.956009	170.164993
20.961814	170.642136
20.967619	171.015732
20.973424	171.173965
20.979229	171.086823
20.985034	170.891968
20.990839	170.663803
20.996644	170.309708
21.002449	169.863632
21.008254	169.408569
21.014059	168.902710
21.019864	168.319046
21.025669	167.845123
21.031474	167.554596
21.037279	167.153259
21.043084	166.429504
21.048889	165.689026
21.054694	165.769928
21.060499	221.824860
21.066304	221.340378
21.072109	221.092804
21.077914	220.927658
21.083719	220.720978
21.089524	220.477310
21.095329	220.293762
21.101134	220.321060
21.106939	220.457016
21.112744	220.460373
21.118549	220.298935
21.124354	219.971191
21.130159	219.589890
21.135964	219.383987
21.141769	219.394302
21.147574	219.513123
21.153379	219.708786
21.159184	219.901245
21.164989	219.946884
21.170794	219.873352
21.176599	219.808289
21.182404	219.744751
21.188209	219.674576
21.194014	219.743164
21.199819	219.969254
21.205624	220.230362
21.211429	220.477005
21.217234	220.708008
21.223039	220.883789
21.228844	220.875839
21.234649	220.715546
21.240454	220.537781
21.246259	220.386246
21.252063	220.261337
21.257868	220.157303
21.263673	220.088593
21.269478	220.110565
21.275283	220.334976
21.281088	220.760468
21.286893	221.160217
21.292698	221.201248
21.298503	220.976471
21.304308	220.762497
21.310113	220.652435
21.315918	220.661606
21.321723	220.698517
21.327528	220.653610
21.333333	220.528809
21.339138	220.458740
21.344943	220.427994
21.350748	220.340790
21.356553	220.108353
21.362358	219.737839
21.368163	219.467926
21.373968	219.436630
21.379773	219.416489
21.385578	219.192764
21.391383	219.027191
21.397188	219.247086
21.402993	219.817352
21.408798	220.277451
21.414603	220.234009
21.420408	219.932098
21.426213	219.810287
21.432018	220.086746
21.437823	220.442932
21.443628	220.415176
21.449433	220.130646
21.455238	219.823837
21.461043	219.668839
21.466848	219.743958
21.472653	888.801208
21.478458	884.944397
21.484263	441.204651
21.490068	292.138763
21.495873	291.072174
21.501678	174.582642
21.507483	173.937317
21.513288	174.421646
21.519093	175.080490
21.524898	175.185287
21.530703	440.572968
21.536508	175.207825
21.542313	175.403748
21.548118	175.452194
21.553923	175.144653
21.559728	174.620255
21.565533	174.317978
21.571338	174.289551
21.577143	174.328583
21.582948	174.452072
21.588753	523.832947
21.594558	524.516357
21.600363	525.006775
21.606168	525.828735
21.611973	527.515930
21.617778	529.467285
21.623583	529.864075
21.629388	528.523132
21.635193	526.912842
21.640998	525.633301
21.646803	524.515442
21.652608	523.710876
21.658413	523.452454
21.664218	523.726013
21.670023	524.602173
21.675828	525.599365
21.681633	526.095398
21.687438	525.758606
21.693243	525.011169
21.699048	261.887238
21.704853	261.590454
21.710658	523.989746
21.716463	524.213684
21.722268	524.305298
21.728073	524.401428
21.733878	524.787964
21.739683	525.582214
21.745488	527.235901
21.751293	531.181152
21.757098	106.015266
21.762902	106.719574
21.768707	131.625275
21.774512	131.357895
21.780317	131.229202
21.786122	174.182739
21.791927	174.137238
21.797732	261.281616
21.803537	261.351654
21.809342	261.258270
21.815147	261.207001
21.820952	261.336517
21.826757	261.444611
21.832562	174.388199
21.838367	174.417496
21.844172	174.237396
21.849977	173.825500
21.855782	130.574402
21.861587	257.947968
21.867392	74.184502
21.873197	74.114449
21.879002	73.734734
21.884807	240.965164
21.890612	221.857864
21.896417	221.705994
21.902222	221.725388
21.908027	221.778229
21.913832	443.238678
21.919637	442.967255
21.925442	442.752045
21.931247	442.688873
21.937052	442.647308
21.942857	442.598907
21.948662	442.752472
21.954467	443.034760
21.960272	442.974518
21.966077	442.527740
21.971882	442.036713
21.977687	441.658325
21.983492	441.396332
21.989297	441.189575
21.995102	441.054413
22.000907	441.110809
22.006712	441.315643
22.012517	441.398132
22.018322	441.321564
22.024127	441.314056
22.029932	441.324799
22.035737	441.316315
22.041542	441.400330
22.047347	441.670837
22.053152	442.009399
22.058957	442.146118
22.064762	442.108429
22.070567	442.050110
22.076372	441.982544
22.082177	441.937958
22.087982	442.045197
22.093787	442.181091
22.099592	442.178406
22.105397	442.158691
22.111202	442.202423
22.117007	442.248779
22.122812	442.307098
22.128617	442.443024
22.134422	442.464874
22.140227	442.417328
22.146032	442.426483
22.151837	442.430786
22.157642	442.407410
22.163447	442.495300
22.169252	442.685883
22.175057	442.654877
22.180862	442.089142
22.186667	440.951630
22.192472	439.659363
22.198277	438.987579
22.204082	439.484406
22.209887	440.555664
22.215692	441.291504
22.221497	441.486084
22.227302	441.499329
22.233107	441.615082
22.238912	441.925018
22.244717	442.339813
22.250522	442.595398
22.256327	442.563293
22.262132	442.390869
22.267937	442.132324
22.273741	441.650330
22.279546	441.052673
22.285351	440.658539
22.291156	439.345062
22.296961	329.105225
22.302766	331.755890
22.308571	180.532867
22.314376	165.791412
22.320181	331.103760
22.325986	330.391754
22.331791	329.995514
22.337596	329.734650
22.343401	329.581970
22.349206	329.769562
22.355011	330.158997
22.360816	330.251770
22.366621	329.799255
22.372426	329.223419
22.378231	329.043549
22.384036	329.210083
22.389841	329.508545
22.395646	329.865143
22.401451	330.149292
22.407256	330.219330
22.413061	330.157104
22.418866	330.078278
22.424671	329.914276
22.430476	329.729736
22.436281	329.745697
22.442086	329.964844
22.447891	330.286011
22.453696	330.674164
22.459501	330.963379
22.465306	331.053406
22.471111	330.998688
22.476916	331.004669
22.482721	331.047913
22.488526	330.946411
22.494331	330.652954
22.500136	330.426239
22.505941	330.464478
22.511746	330.768555
22.517551	331.145996
22.523356	331.353699
22.529161	331.446045
22.534966	331.414551
22.540771	331.189362
22.546576	330.897125
22.552381	330.715759
22.558186	330.696320
22.563991	330.757477
22.569796	330.798767
22.575601	330.797913
22.581406	330.836182
22.587211	330.907745
22.593016	330.887970
22.598821	330.625427
22.604626	330.219666
22.610431	330.050201
22.616236	330.297729
22.622041	330.717621
22.627846	330.960266
22.633651	331.014313
22.639456	331.057037
22.645261	331.343536
22.651066	331.766663
22.656871	331.949036
22.662676	331.950989
22.668481	332.076660
22.674286	332.296692
22.680091	332.218658
22.685896	331.767029
22.691701	331.047028
22.697506	330.131287
22.703311	329.392609
22.709116	331.306122
22.714921	247.204636
22.720726	247.912537
22.726531	222.002640
22.732336	221.878922
22.738141	166.219482
22.743946	437.780914
22.749751	165.615829
22.755556	496.540588
22.761361	493.217957
22.767166	486.294373
22.772971	471.930756
22.778776	470.334015
22.784580	473.620361
22.790385	475.121216
22.796190	473.753204
22.801995	468.439850
22.807800	460.695892
22.813605	456.869263
22.819410	456.017517
22.825215	457.204132
22.831020	460.044800
22.836825	461.927795
22.842630	462.205597
22.848435	462.238556
22.854240	462.604492
22.860045	462.895081
22.865850	463.486481
22.871655	463.879333
22.877460	463.594757
22.883265	463.339417
22.889070	463.676178
22.894875	464.198303
22.900680	464.294983
22.906485	463.292999
22.912290	461.506714
22.918095	454.503174
22.923900	222.518143
22.929705	221.830307
22.935510	221.718109
22.941315	221.785004
22.947120	443.445862
22.952925	147.552689
22.958730	221.534698
22.964535	221.386505
22.970340	221.270660
22.976145	221.193634
22.981950	221.255569
22.987755	221.423737
22.993560	221.461273
22.999365	221.298996
23.005170	221.067490
23.010975	220.870331
23.016780	220.733627
23.022585	220.638748
23.028390	220.580643
23.034195	220.613358
23.040000	220.728638
23.045805	220.758438
23.051610	220.663422
23.057415	220.608612
23.063220	220.586716
23.069025	220.546494
23.074830	220.531479
23.080635	220.597656
23.086440	220.719498
23.092245	220.840179
23.098050	220.938965
23.103855	220.958008
23.109660	220.882401
23.115465	220.838776
23.121270	221.009094
23.127075	226.485153
23.132880	249.212982
23.138685	250.086044
23.144490	250.725540
23.150295	250.978363
23.156100	388.300293
23.161905	249.543381
23.167710	249.004776
23.173515	249.840240
23.179320	257.662354
23.185125	258.878448
23.190930	258.791809
23.196735	258.849304
23.202540	259.105896
23.208345	259.280090
23.214150	259.225128
23.219955	258.909790
23.225760	258.577484
23.231565	258.791107
23.237370	259.297119
23.243175	259.812622
23.248980	260.299255
23.254785	260.556488
23.260590	260.501373
23.266395	98.560486
23.272200	98.695343
23.278005	98.735252
23.283810	98.622864
23.289615	98.434494
23.295420	98.293655
23.301224	98.243668
23.307029	98.309258
23.312834	98.478134
23.318639	98.684830
23.324444	98.802437
23.330249	98.789009
23.336054	98.689445
23.341859	98.635147
23.347664	98.636597
23.353469	98.644188
23.359274	98.636818
23.365079	98.639343
23.370884	98.647430
23.376689	98.595383
23.382494	98.459671
23.388299	98.303253
23.394104	98.190109
23.399909	98.072739
23.405714	97.959724
23.411519	195.983505
23.417324	195.972687
23.423129	196.098862
23.428934	196.216064
23.434739	195.992310
23.440544	195.528397
23.446349	195.423264
23.452154	195.942810
23.457959	196.566193
23.463764	196.910172
23.469569	196.966873
23.475374	196.879501
23.481179	196.864975
23.486984	196.952835
23.492789	197.047150
23.498594	197.106812
23.504399	197.150467
23.510204	197.190994
23.516009	197.141235
23.521814	197.091095
23.527619	197.117294
23.533424	196.951935
23.539229	443.749725
23.545034	444.512787
23.550839	221.380539
23.556644	221.518341
23.562449	221.680344
23.568254	444.913055
23.574059	444.086884
23.579864	443.365387
23.585669	442.627014
23.591474	147.542450
23.597279	147.531723
23.603084	147.583679
23.608889	147.669510
23.614694	147.662994
23.620499	147.576157
23.626304	147.508743
23.632109	147.485397
23.637914	147.480759
23.643719	147.461380
23.649524	147.444031
23.655329	147.453979
23.661134	147.444092
23.666939	147.402191
23.672744	147.361145
23.678549	147.336334
23.684354	147.312454
23.690159	147.287048
23.695964	147.241791
23.701769	147.191086
23.707574	147.228867
23.713379	147.297974
23.719184	147.299805
23.724989	147.269409
23.730794	147.285187
23.736599	147.337311
23.742404	147.376923
23.748209	147.378479
23.754014	147.363922
23.759819	147.352097
23.765624	147.337753
23.771429	147.370697
23.777234	147.446671
23.783039	147.500031
23.788844	147.508743
23.794649	147.534286
23.800454	147.600342
23.806259	147.626846
23.812063	147.600845
23.817868	147.587936
23.823673	147.593613
23.829478	147.581375
23.835283	147.530197
23.841088	147.471558
23.846893	147.466080
23.852698	147.530289
23.858503	295.929077
23.864308	295.772308
23.870113	295.579193
23.875918	295.522217
23.881723	295.537140
23.887528	295.536652
23.893333	295.554016
23.899138	295.650452
23.904943	295.696655
23.910748	295.630005
23.916553	295.592712
23.922358	295.640869
23.928163	295.727264
23.933968	295.793457
23.939773	295.800812
23.945578	295.766541
23.951383	288.980225
23.957188	239.700867
23.962993	166.055099
23.968798	166.686249
23.974603	167.160599
23.980408	167.447754
23.986213	392.616028
23.992018	392.792664
23.997823	393.151611
24.003628	393.945221
24.009433	395.245239
24.015238	396.839233
24.021043	131.800308
24.026848	131.896500
24.032653	131.912308
24.038458	335.102661
24.044263	392.689362
24.050068	390.159241
24.055873	335.377747
24.061678	334.775604
24.067483	334.192291
24.073288	334.368866
24.079093	335.079132
24.084898	335.954041
24.090703	337.196045
24.096508	339.173889
24.102313	341.720947
24.108118	345.055786
24.113923	347.396851
24.119728	348.185394
24.125533	348.160187
24.131338	347.439575
24.137143	347.087616
24.142948	347.663879
24.148753	348.116669
24.154558	348.158173
24.160363	348.482361
24.166168	349.403564
24.171973	350.760651
24.177778	352.120056
24.183583	353.576599
24.189388	354.826294
24.195193	354.643188
24.200998	353.137390
24.206803	351.119995
24.212608	349.126556
24.218413	348.133270
24.224218	348.440063
24.230023	348.808044
24.235828	348.315369
24.241633	347.031738
24.247438	345.964844
24.253243	345.568817
24.259048	345.100372
24.264853	344.672333
24.270658	344.500580
24.276463	344.546631
24.282268	345.096649
24.288073	345.393280
24.293878	345.066528
24.299683	344.392731
24.305488	342.376587
24.311293	339.505585
24.317098	337.444031
24.322902	335.592133
24.328707	333.975281
24.334512	333.394287
24.340317	332.817261
24.346122	331.769897
24.351927	330.742401
24.357732	329.702423
24.363537	333.389069
24.369342	221.862885
24.375147	221.751465
24.380952	221.692596
24.386757	221.744888
24.392562	221.773804
24.398367	443.164032
24.404172	442.877319
24.409977	442.707367
24.415782	442.667908
24.421587	442.617065
24.427392	442.618408
24.433197	442.862488
24.439002	443.077911
24.444807	442.838074
24.450612	442.313995
24.456417	441.842743
24.462222	441.517517
24.468027	441.307770
24.473832	441.158417
24.479637	441.119568
24.485442	441.260345
24.491247	441.427490
24.497052	441.368958
24.502857	441.258636
24.508662	441.283203
24.514467	441.313385
24.520272	441.314545
24.526077	441.425049
24.531882	441.698273
24.537687	441.971527
24.543492	442.088593
24.549297	442.132111
24.555102	442.107452
24.560907	441.946167
24.566712	441.776337
24.572517	441.785645
24.578322	441.838470
24.584127	441.868500
24.589932	442.000793
24.595737	442.196899
24.601542	442.256592
24.607347	442.237274
24.613152	442.198059
24.618957	442.100616
24.624762	442.101501
24.630567	442.267639
24.636372	442.396912
24.642177	442.456818
24.647982	442.667053
24.653787	442.964630
24.659592	442.821838
24.665397	441.777222
24.671202	440.080292
24.677007	438.666138
24.682812	438.334473
24.688617	438.905151
24.694422	439.468475
24.700227	439.758270
24.706032	439.945770
24.711837	440.281647
24.717642	440.881897
24.723447	441.588013
24.729252	442.116150
24.735057	442.192596
24.740862	441.969482
24.746667	441.769867
24.752472	441.608887
24.758277	441.364563
24.764082	441.111053
24.769887	440.834259
24.775692	440.575653
24.781497	440.342407
24.787302	587.288391
24.793107	593.419983
24.798912	294.413605
24.804717	293.597961
24.810522	293.164551
24.816327	585.285889
24.822132	582.640259
24.827937	581.599792
24.833741	583.764709
24.839546	586.793152
24.845351	588.766602
24.851156	588.799927
24.856961	587.543884
24.862766	586.120483
24.868571	585.242310
24.874376	585.028931
24.880181	585.385437
24.885986	586.145508
24.891791	586.945190
24.897596	587.316833
24.903401	587.134888
24.909206	586.875183
24.915011	586.992920
24.920816	586.941956
24.926621	586.746643
24.932426	586.892639
24.938231	587.443481
24.944036	588.138123
24.949841	588.820862
24.955646	196.192352
24.961451	196.466537
24.967256	196.685928
24.973061	196.741364
24.978866	196.700897
24.984671	196.539169
24.990476	196.324020
24.996281	196.151154
25.002086	588.472351
25.007891	195.962860
25.013696	195.971893
25.019501	196.082413
25.025306	196.261673
25.031111	196.495697
25.036916	196.792633
25.042721	197.044846
25.048526	197.158600
25.054331	197.112076
25.060136	196.968216
25.065941	196.793945
25.071746	196.615555
25.077551	196.451218
25.083356	196.239670
25.089161	196.062088
25.094966	196.053772
25.100771	196.234756
25.106576	196.527451
25.112381	196.753677
25.118186	196.749130
25.123991	196.500458
25.129796	196.135086
25.135601	195.842422
25.141406	195.658554
25.147211	195.532913
25.153016	195.525711
25.158821	195.749771
25.164626	196.032623
25.170431	196.067062
25.176236	195.983093
25.182041	196.175125
25.187846	196.384079
25.193651	442.510803
25.199456	221.895721
25.205261	221.718719
25.211066	221.710266
25.216871	221.770096
25.222676	443.314453
25.228481	443.052460
25.234286	442.786682
25.240091	442.685394
25.245896	442.656189
25.251701	442.601685
25.257506	442.694397
25.263311	442.993195
25.269116	443.050598
25.274921	442.663971
25.280726	442.150146
25.286531	441.732849
25.292336	441.443176
25.298141	441.225464
25.303946	441.068695
25.309751	441.076416
25.315556	441.268860
25.321361	441.413727
25.327166	441.364624
25.332971	441.338959
25.338776	441.355896
25.344580	441.339752
25.350385	441.365723
25.356190	441.576080
25.361995	441.920624
25.367800	442.128052
25.373605	442.113770
25.379410	442.053070
25.385215	441.983612
25.391020	441.909729
25.396825	441.968628
25.402630	442.117279
25.408435	442.147339
25.414240	442.126343
25.420045	442.175140
25.425850	442.239471
25.431655	442.281250
25.437460	442.399719
25.443265	442.432281
25.449070	442.352936
25.454875	442.341217
25.460680	442.374664
25.466485	442.365417
25.472290	442.409607
25.478095	442.599060
25.483900	442.679474
25.489705	442.269897
25.495510	441.231842
25.501315	439.880371
25.507120	438.977417
25.512925	439.192413
25.518730	440.206024
25.524535	441.061981
25.530340	441.383606
25.536145	441.413727
25.541950	441.471344
25.547755	441.738800
25.553560	442.176971
25.559365	442.536072
25.565170	442.589417
25.570975	442.441833
25.576780	442.225342
25.582585	441.824280
25.588390	441.251312
25.594195	0.000000
25.600000	440.637665
25.605805	510.014496
25.611610	441.738556
25.617415	440.157501
25.623220	439.358673
25.629025	148.067062
25.634830	147.918732
25.640635	110.397858
25.646440	110.400566
25.652245	110.413200
25.658050	110.443924
25.663855	110.493187
25.669660	110.545364
25.675465	110.569641
25.681270	110.564735
25.687075	110.567261
25.692880	110.567169
25.698685	110.536278
25.704490	110.465675
25.710295	110.389442
25.716100	110.328819
25.721905	110.292747
25.727710	110.294228
25.733515	110.291344
25.739320	110.246330
25.745125	110.186172
25.750930	110.154251
25.756735	110.167969
25.762540	110.225571
25.768345	110.258392
25.774150	110.231972
25.779955	110.210365
25.785760	110.242584
25.791565	110.307152
25.797370	110.352020
25.803175	110.330162
25.808980	110.278389
25.814785	110.296730
25.820590	110.393959
25.826395	110.454811
25.832200	110.418495
25.838005	110.363617
25.843810	110.360329
25.849615	110.415237
25.855420	110.479256
25.861224	110.490036
25.867029	110.458008
25.872834	110.448997
25.878639	110.488472
25.884444	110.534378
25.890249	110.546143
25.896054	110.524521
25.901859	110.477516
25.907664	110.395042
25.913469	110.289558
25.919274	333.722290
25.925079	333.644592
25.930884	333.570190
25.936689	333.255615
25.942494	332.634521
25.948299	332.105804
25.954104	331.897430
25.959909	331.904175
25.965714	331.747711
25.971519	331.440186
25.977324	331.307037
25.983129	331.391632
25.988934	331.470215
25.994739	331.362366
26.000544	331.008087
26.006349	330.217743
26.012154	329.258148
26.017959	337.240112
26.023764	244.226105
26.029569	221.592331
26.035374	221.564926
26.041179	221.658066
26.046984	221.725327
26.052789	440.951752
26.058594	441.189484
26.064399	442.608276
26.070204	444.057739
26.076009	444.457611
26.081814	444.581177
26.087619	445.226685
26.093424	445.779633
26.099229	445.713226
26.105034	445.336731
26.110839	444.705750
26.116644	444.050140
26.122449	443.843170
26.128254	443.877197
26.134059	444.074219
26.139864	444.975067
26.145669	446.006653
26.151474	446.024017
26.157279	445.852722
26.163084	446.126648
26.168889	445.950562
26.174694	445.875610
26.180499	446.497742
26.186304	446.725433
26.192109	446.747528
26.197914	447.150909
26.203719	447.013214
26.209524	446.353363
26.215329	446.176270
26.221134	445.847931
26.226939	445.711273
26.232744	447.955444
26.238549	215.623184
26.244354	197.777512
26.250159	197.629959
26.255964	197.637161
26.261769	394.885681
26.267574	394.586792
26.273379	394.431427
26.279184	394.497345
26.284989	394.511902
26.290794	394.361389
26.296599	394.364716
26.302404	394.692566
26.308209	394.903076
26.314014	394.692017
26.319819	394.288422
26.325624	393.929169
26.331429	393.609253
26.337234	393.370941
26.343039	393.195160
26.348844	393.001709
26.354649	392.855652
26.360454	392.939880
26.366259	393.165070
26.372063	393.147736
26.377868	393.039276
26.383673	393.093964
26.389478	393.198761
26.395283	393.269653
26.401088	393.410889
26.406893	393.631439
26.412698	393.679077
26.418503	393.486237
26.424308	393.399963
26.430113	393.796692
